0 0.5305059523809523 0.6984126984126984 0.0496031746031746 0.036375661375661374
0 0.5210813492063492 0.6727843915343915 0.04365079365079365 0.038029100529100524
0 0.5460069444444444 0.6413690476190476 0.03645833333333333 0.0248015873015873
0 0.5567956349206349 0.6615410052910052 0.03224206349206349 0.039351851851851846
0 0.5719246031746031 0.6797288359788359 0.0367063492063492 0.028769841269841268
0 0.5931299603174602 0.6504629629629629 0.044394841269841265 0.03505291005291005
0 0.6246279761904762 0.6574074074074073 0.04637896825396825 0.03505291005291005
0 0.5729166666666666 0.6154100529100529 0.03869047619047619 0.037037037037037035
0 0.581845238095238 0.6304563492063492 0.03869047619047619 0.02546296296296296
0 0.902405753968254 0.501818783068783 0.04092261904761905 0.038029100529100524
