0 0.3882688492063492 0.5993716931216931 0.05183531746031746 0.034060846560846555
0 0.3251488095238095 0.6324404761904762 0.07291666666666666 0.036044973544973546
0 0.32948908730158727 0.5982142857142857 0.06125992063492063 0.02976190476190476
0 0.28720238095238093 0.5848214285714285 0.06051587301587301 0.050595238095238096
0 0.21738591269841268 0.6054894179894179 0.0652281746031746 0.05291005291005291
0 0.19345238095238093 0.6473214285714285 0.06498015873015872 0.03736772486772487
0 0.13988095238095238 0.62880291005291 0.0744047619047619 0.07638888888888888
0 0.10652281746031746 0.5967261904761905 0.06969246031746032 0.07043650793650794
0 0.054315476190476185 0.6416997354497355 0.06746031746031746 0.048611111111111105
0 0.06907242063492063 0.5896164021164021 0.07217261904761904 0.0496031746031746
0 0.5050843253968254 0.6299603174603174 0.06473214285714285 0.03042328042328042
0 0.5548115079365079 0.6155753968253967 0.050099206349206345 0.034722222222222224
0 0.5714285714285714 0.5767195767195767 0.039186507936507936 0.04497354497354497
0 0.6076388888888888 0.5958994708994708 0.047619047619047616 0.036375661375661374
0 0.6505456349206349 0.5629960317460317 0.04662698412698413 0.04067460317460317
0 0.6614583333333333 0.5879629629629629 0.04662698412698413 0.03439153439153439
0 0.7003968253968254 0.5481150793650793 0.04265873015873016 0.026124338624338623
0 0.7082093253968254 0.5770502645502645 0.04092261904761905 0.021825396825396824
0 0.7340029761904762 0.5596891534391534 0.04290674603174603 0.0248015873015873
0 0.7681051587301587 0.5494378306878307 0.03571428571428571 0.0248015873015873
0 0.7777777777777777 0.5701058201058201 0.03720238095238095 0.02513227513227513
