0 0.48598710317460314 0.6175595238095237 0.03844246031746031 0.026785714285714284
0 0.5293898809523809 0.5836640211640212 0.038938492063492064 0.027116402116402115
0 0.5300099206349206 0.6254960317460317 0.041666666666666664 0.027447089947089946
0 0.5437748015873015 0.6053240740740741 0.0404265873015873 0.02546296296296296
0 0.5739087301587301 0.6149140211640212 0.03521825396825397 0.026785714285714284
0 0.5871775793650793 0.5828373015873015 0.034474206349206345 0.03207671957671958
0 0.6065228174603174 0.5988756613756614 0.03794642857142857 0.026455026455026454
0 0.6199156746031745 0.6102843915343915 0.034474206349206345 0.0248015873015873
0 0.6304563492063492 0.5590277777777778 0.030753968253968252 0.02414021164021164
0 0.6158234126984127 0.5696097883597884 0.03720238095238095 0.02017195767195767
0 0.6357886904761905 0.5876322751322751 0.03249007936507936 0.01917989417989418
0 0.6525297619047619 0.601521164021164 0.031746031746031744 0.02447089947089947
0 0.6529017857142857 0.5758928571428571 0.03149801587301587 0.016203703703703703
0 0.6686507936507936 0.5866402116402116 0.028769841269841268 0.013888888888888888
0 0.6778273809523809 0.5982142857142857 0.0248015873015873 0.015873015873015872
0 0.6867559523809523 0.5841600529100529 0.03621031746031746 0.026124338624338623
0 0.7125496031746031 0.6023478835978836 0.033234126984126984 0.020833333333333332
0 0.7395833333333333 0.6063161375661376 0.028769841269841268 0.0248015873015873
0 0.8127480158730158 0.5667989417989417 0.027281746031746032 0.022486772486772486
0 0.8738839285714285 0.5615079365079365 0.029513888888888888 0.022486772486772486
