0 0.3771081349206349 0.5629960317460317 0.05282738095238095 0.03207671957671958
0 0.38752480158730157 0.5262896825396826 0.047371031746031744 0.02546296296296296
0 0.5900297619047619 0.6352513227513227 0.03720238095238095 0.03042328042328042
0 0.5931299603174602 0.5924272486772486 0.033482142857142856 0.02017195767195767
0 0.6156994047619048 0.5826719576719577 0.0339781746031746 0.01984126984126984
0 0.6057787698412698 0.5654761904761905 0.03645833333333333 0.023809523809523808
0 0.6397569444444444 0.5940806878306878 0.02901785714285714 0.034060846560846555
0 0.6882440476190476 0.5699404761904762 0.03720238095238095 0.02017195767195767
0 0.691344246031746 0.5876322751322751 0.0339781746031746 0.017857142857142856
0 0.7199900793650793 0.5849867724867724 0.028769841269841268 0.02447089947089947
0 0.7078373015873015 0.560515873015873 0.029265873015873016 0.02447089947089947
0 0.738343253968254 0.5724206349206349 0.03125 0.02513227513227513
0 0.7650049603174602 0.5790343915343915 0.030009920634920632 0.031084656084656083
0 0.7526041666666666 0.7000661375661376 0.03149801587301587 0.01917989417989418
0 0.8466021825396824 0.6860119047619048 0.030009920634920632 0.028108465608465607
0 0.26711309523809523 0.5717592592592592 0.06498015873015872 0.02447089947089947
