0 0.1042906746031746 0.5153769841269841 0.05183531746031746 0.038029100529100524
0 0.09486607142857142 0.5464616402116402 0.06274801587301587 0.02414021164021164
0 0.05803571428571428 0.517691798941799 0.06200396825396825 0.03009259259259259
0 0.1759672619047619 0.5071097883597884 0.054811507936507936 0.04199735449735449
0 0.21651785714285712 0.4885912698412698 0.06498015873015872 0.038029100529100524
0 0.26971726190476186 0.4421296296296296 0.054315476190476185 0.07076719576719576
0 0.1746031746031746 0.5315806878306878 0.053075396825396824 0.034060846560846555
0 0.14769345238095238 0.546957671957672 0.05034722222222222 0.036375661375661374
0 0.19221230158730157 0.5542328042328042 0.04265873015873016 0.02447089947089947
0 0.2296626984126984 0.5717592592592592 0.06200396825396825 0.021164021164021163
0 0.22718253968253968 0.5476190476190476 0.040178571428571425 0.03306878306878307
0 0.4461805555555555 0.6441798941798942 0.04712301587301587 0.04034391534391534
0 0.4964037698412698 0.6607142857142857 0.044890873015873016 0.0291005291005291
0 0.5577876984126984 0.6830357142857143 0.04365079365079365 0.022156084656084655
