0 0.12115575396825397 0.740244708994709 0.06969246031746032 0.03869047619047619
0 0.20027281746031744 0.7109788359788359 0.07266865079365079 0.042328042328042326
0 0.1878720238095238 0.7463624338624338 0.06374007936507936 0.03571428571428571
0 0.23958333333333331 0.7546296296296295 0.050099206349206345 0.03306878306878307
0 0.2535962301587301 0.7202380952380952 0.055803571428571425 0.037037037037037035
0 0.27294146825396826 0.6889880952380952 0.06820436507936507 0.039351851851851846
0 0.37115575396825395 0.6527777777777778 0.05629960317460317 0.04563492063492063
0 0.3805803571428571 0.6203703703703703 0.044890873015873016 0.0291005291005291
0 0.4177827380952381 0.6228505291005291 0.046875 0.04199735449735449
0 0.4577132936507936 0.6297949735449735 0.044394841269841265 0.04067460317460317
0 0.5179811507936508 0.6245039682539683 0.044890873015873016 0.03869047619047619
0 0.6571180555555555 0.5925925925925926 0.03149801587301587 0.031084656084656083
