0 0.09263392857142856 0.6597222222222222 0.09151785714285714 0.06018518518518518
0 0.19766865079365079 0.6498015873015872 0.09226190476190475 0.05886243386243386
0 0.27678571428571425 0.6813822751322751 0.07837301587301587 0.05588624338624339
0 0.34771825396825395 0.6974206349206349 0.0744047619047619 0.042328042328042326
0 0.38715277777777773 0.6669973544973544 0.06051587301587301 0.047619047619047616
0 0.49925595238095233 0.644345238095238 0.06746031746031746 0.04133597883597884
0 0.5561755952380952 0.6076388888888888 0.057291666666666664 0.03207671957671958
0 0.5700644841269841 0.630787037037037 0.05133928571428571 0.030753968253968252
0 0.6176835317460317 0.6375661375661376 0.045882936507936505 0.032407407407407406
0 0.6294642857142857 0.6102843915343915 0.043154761904761904 0.034722222222222224
