0 0.07527281746031746 0.6178902116402116 0.08606150793650794 0.0796957671957672
0 0.23449900793650794 0.6917989417989417 0.08060515873015872 0.0496031746031746
0 0.30729166666666663 0.660218253968254 0.0744047619047619 0.04662698412698413
0 0.36086309523809523 0.6741071428571428 0.059027777777777776 0.04133597883597884
0 0.41666666666666663 0.6643518518518519 0.05257936507936507 0.04431216931216931
0 0.46937003968253965 0.6370701058201058 0.055803571428571425 0.043320105820105814
0 0.5189732142857143 0.6104497354497355 0.0404265873015873 0.03042328042328042
0 0.5565476190476191 0.6240079365079365 0.051587301587301584 0.03835978835978836
0 0.6077628968253967 0.6271494708994708 0.03794642857142857 0.04067460317460317
0 0.6341765873015872 0.6119378306878307 0.04216269841269841 0.034722222222222224
0 0.6525297619047619 0.6380621693121693 0.04662698412698413 0.02943121693121693
