0 0.17621527777777776 0.5363756613756614 0.05679563492063492 0.03439153439153439
0 0.19283234126984125 0.5618386243386243 0.05381944444444444 0.02513227513227513
0 0.24268353174603174 0.5405092592592592 0.05629960317460317 0.036044973544973546
0 0.2667410714285714 0.5256283068783069 0.05679563492063492 0.0367063492063492
0 0.2521081349206349 0.566137566137566 0.043402777777777776 0.03306878306878307
0 0.32589285714285715 0.5264550264550264 0.049107142857142856 0.031084656084656083
0 0.29848710317460314 0.5458002645502645 0.05530753968253968 0.02546296296296296
0 0.30121527777777773 0.5649801587301587 0.05381944444444444 0.030753968253968252
0 0.3482142857142857 0.5517526455026455 0.048611111111111105 0.02414021164021164
0 0.34846230158730157 0.6031746031746031 0.050099206349206345 0.04563492063492063
0 0.2915426587301587 0.5879629629629629 0.043402777777777776 0.027777777777777776
0 0.6121031746031745 0.7099867724867724 0.04811507936507936 0.04563492063492063
0 0.6593501984126984 0.7099867724867724 0.043402777777777776 0.04431216931216931
0 0.7001488095238095 0.7023809523809523 0.040178571428571425 0.03571428571428571
0 0.7023809523809523 0.7235449735449735 0.04216269841269841 0.02513227513227513
0 0.7404513888888888 0.716765873015873 0.0339781746031746 0.03207671957671958
