0 0.5063244047619048 0.5398478835978836 0.026537698412698412 0.028108465608465607
0 0.5174851190476191 0.5266203703703703 0.029513888888888888 0.0333994708994709
0 0.5416666666666666 0.5343915343915344 0.024305555555555552 0.03505291005291005
0 0.543030753968254 0.5628306878306878 0.023561507936507936 0.047619047619047616
0 0.5014880952380952 0.5631613756613756 0.03521825396825397 0.025793650793650792
0 0.5248015873015873 0.5755621693121693 0.0248015873015873 0.02943121693121693
0 0.47209821428571425 0.554563492063492 0.027529761904761904 0.027777777777777776
0 0.5593998015873015 0.5648148148148148 0.015625 0.041666666666666664
0 0.5727926587301587 0.5558862433862434 0.035962301587301584 0.041005291005291
0 0.5660962301587301 0.5983796296296297 0.03794642857142857 0.026785714285714284
0 0.6266121031746031 0.6612103174603174 0.03149801587301587 0.02546296296296296
0 0.6476934523809523 0.6430224867724867 0.023561507936507936 0.026785714285714284
0 0.6711309523809523 0.6382275132275131 0.02976190476190476 0.02447089947089947
0 0.6785714285714285 0.6673280423280423 0.034722222222222224 0.023148148148148147
0 0.701016865079365 0.6364087301587301 0.026041666666666664 0.020833333333333332
0 0.7135416666666666 0.6478174603174602 0.03373015873015873 0.02447089947089947
0 0.7374751984126984 0.6494708994708994 0.02802579365079365 0.025793650793650792
0 0.8071676587301587 0.6116071428571428 0.034474206349206345 0.028769841269841268
