0 0.28720238095238093 0.7966269841269841 0.07291666666666666 0.056878306878306875
0 0.39533730158730157 0.7113095238095237 0.06746031746031746 0.06415343915343916
0 0.40848214285714285 0.6628637566137566 0.05803571428571428 0.05191798941798942
0 0.4515128968253968 0.6784060846560847 0.044890873015873016 0.059854497354497355
0 0.45535714285714285 0.7035383597883598 0.041666666666666664 0.048611111111111105
0 0.5286458333333333 0.6397156084656084 0.04092261904761905 0.03207671957671958
0 0.46118551587301587 0.611111111111111 0.044394841269841265 0.051587301587301584
0 0.5084325396825397 0.6023478835978836 0.04265873015873016 0.048611111111111105
0 0.5569196428571428 0.6043320105820106 0.02306547619047619 0.034060846560846555
0 0.5596478174603174 0.62880291005291 0.02554563492063492 0.026785714285714284
0 0.5948660714285714 0.6076388888888888 0.02306547619047619 0.034060846560846555
0 0.6026785714285714 0.6271494708994708 0.026289682539682536 0.01951058201058201
