0 0.3189484126984127 0.7640542328042328 0.0744047619047619 0.06183862433862433
0 0.36272321428571425 0.7554563492063492 0.05828373015873015 0.06514550264550265
0 0.40141369047619047 0.7015542328042328 0.06125992063492063 0.050595238095238096
0 0.41356646825396826 0.7351190476190476 0.04637896825396825 0.047619047619047616
0 0.431671626984127 0.6433531746031745 0.06274801587301587 0.0744047619047619
0 0.5045882936507936 0.6292989417989417 0.045882936507936505 0.04034391534391534
0 0.5270337301587301 0.6402116402116402 0.033234126984126984 0.03505291005291005
0 0.5565476190476191 0.5998677248677249 0.04712301587301587 0.037037037037037035
0 0.5612599206349206 0.6271494708994708 0.031746031746031744 0.028108465608465607
0 0.5851934523809523 0.6395502645502645 0.028521825396825396 0.02976190476190476
0 0.5921378968253967 0.6086309523809523 0.027033730158730156 0.028108465608465607
