0 0.11929563492063491 0.7496693121693121 0.10615079365079365 0.04365079365079365
0 0.14955357142857142 0.7046957671957672 0.09077380952380952 0.046296296296296294
0 0.1294642857142857 0.6684854497354497 0.09375 0.036044973544973546
0 0.1617063492063492 0.628637566137566 0.08829365079365079 0.0496031746031746
0 0.22408234126984125 0.6478174603174602 0.0890376984126984 0.042328042328042326
0 0.26004464285714285 0.6709656084656084 0.06671626984126984 0.0496031746031746
0 0.31039186507936506 0.6767526455026455 0.06671626984126984 0.048611111111111105
0 0.3856646825396825 0.6622023809523809 0.059027777777777776 0.03207671957671958
0 0.3758680555555555 0.6421957671957672 0.07217261904761904 0.037037037037037035
0 0.35726686507936506 0.6137566137566137 0.06125992063492063 0.03835978835978836
0 0.2821180555555555 0.746031746031746 0.07514880952380952 0.04828042328042328
0 0.34846230158730157 0.7027116402116401 0.03720238095238095 0.05489417989417989
0 0.4267113095238095 0.7528108465608465 0.05282738095238095 0.045304232804232805
0 0.5209573412698413 0.6096230158730158 0.048859126984126984 0.023478835978835978
