0 0.45920138888888884 0.6188822751322751 0.044890873015873016 0.03207671957671958
0 0.5045882936507936 0.660218253968254 0.044890873015873016 0.039351851851851846
0 0.5088045634920635 0.6863425925925926 0.04141865079365079 0.03141534391534391
0 0.5494791666666666 0.6878306878306878 0.03794642857142857 0.052248677248677246
0 0.6086309523809523 0.7146164021164021 0.040178571428571425 0.036375661375661374
0 0.5749007936507936 0.7126322751322751 0.027281746031746032 0.032407407407407406
0 0.634548611111111 0.7405753968253967 0.03794642857142857 0.03009259259259259
0 0.6661706349206349 0.7366071428571428 0.03373015873015873 0.02546296296296296
0 0.6705109126984127 0.7172619047619048 0.04141865079365079 0.0291005291005291
0 0.699280753968254 0.7098214285714285 0.04786706349206349 0.028108465608465607
0 0.6961805555555555 0.7283399470899471 0.03373015873015873 0.026124338624338623
0 0.6924603174603174 0.7531415343915343 0.04117063492063492 0.018849206349206348
0 0.7222222222222222 0.7299933862433862 0.03125 0.03538359788359788
0 0.7508680555555555 0.7035383597883598 0.038938492063492064 0.034722222222222224
