0 0.5625 0.8834325396825397 0.03571428571428571 0.07837301587301587
0 0.5341021825396826 0.7564484126984127 0.024553571428571428 0.0744047619047619
0 0.5693204365079365 0.7658730158730158 0.019593253968253968 0.052248677248677246
0 0.560391865079365 0.7288359788359788 0.011160714285714284 0.052248677248677246
0 0.5944940476190476 0.6787367724867724 0.033234126984126984 0.02017195767195767
0 0.6262400793650793 0.708994708994709 0.03521825396825397 0.018518518518518517
0 0.646329365079365 0.6780753968253967 0.030257936507936505 0.013558201058201057
0 0.6509176587301587 0.6954365079365079 0.024553571428571428 0.025793650793650792
0 0.6589781746031745 0.7113095238095237 0.03869047619047619 0.02976190476190476
0 0.6759672619047619 0.6916335978835978 0.029513888888888888 0.022156084656084655
0 0.6739831349206349 0.6827050264550264 0.02405753968253968 0.026124338624338623
0 0.6700148809523809 0.6615410052910052 0.02554563492063492 0.028108465608465607
0 0.6638144841269841 0.6489748677248677 0.027529761904761904 0.016203703703703703
0 0.6486855158730158 0.6555886243386243 0.02554563492063492 0.043320105820105814
0 0.6169394841269841 0.6458333333333333 0.026041666666666664 0.025793650793650792
0 0.6204117063492063 0.6215277777777778 0.034474206349206345 0.013558201058201057
0 0.6204117063492063 0.5993716931216931 0.02554563492063492 0.03009259259259259
0 0.5685763888888888 0.6645171957671957 0.0339781746031746 0.05125661375661375
0 0.7109375 0.6284722222222222 0.028521825396825396 0.027447089947089946
0 0.7034970238095237 0.6069775132275131 0.031994047619047616 0.026124338624338623
0 0.8048115079365079 0.6473214285714285 0.02232142857142857 0.06382275132275132
