0 0.7643849206349206 0.5919312169312169 0.019345238095238096 0.04894179894179894
0 0.6403769841269841 0.5788690476190476 0.009424603174603174 0.0367063492063492
0 0.6530257936507936 0.5787037037037037 0.010416666666666666 0.037698412698412696
0 0.6440972222222222 0.6187169312169312 0.014384920634920634 0.03373015873015873
0 0.6615823412698413 0.5641534391534391 0.012152777777777776 0.03439153439153439
0 0.662078373015873 0.6569113756613756 0.03249007936507936 0.012896825396825396
0 0.6842757936507936 0.6575727513227513 0.012896825396825396 0.0367063492063492
0 0.5006200396825397 0.7040343915343915 0.022073412698412696 0.04563492063492063
0 0.5840773809523809 0.615244708994709 0.025297619047619048 0.0248015873015873
0 0.5608878968253967 0.6416997354497355 0.02802579365079365 0.022156084656084655
0 0.6320684523809523 0.687334656084656 0.03844246031746031 0.03207671957671958
0 0.6020585317460317 0.6408730158730158 0.03546626984126984 0.01917989417989418
0 0.5926339285714285 0.6754298941798942 0.034970238095238096 0.016865079365079364
0 0.5146329365079365 0.8351521164021164 0.021825396825396824 0.06977513227513227
0 0.49553571428571425 0.8725198412698412 0.019345238095238096 0.07175925925925926
0 0.5541914682539683 0.4942129629629629 0.020089285714285712 0.022817460317460316
