0 0.6839037698412698 0.6116071428571428 0.04538690476190476 0.028769841269841268
0 0.7242063492063492 0.5543981481481481 0.0367063492063492 0.036044973544973546
0 0.7963789682539683 0.6188822751322751 0.033234126984126984 0.04265873015873016
0 0.8224206349206349 0.5510912698412698 0.0367063492063492 0.028108465608465607
0 0.8097718253968254 0.5823412698412698 0.048611111111111105 0.02513227513227513
0 0.8554067460317459 0.558531746031746 0.023809523809523808 0.047619047619047616
0 0.8625992063492063 0.5950727513227513 0.04811507936507936 0.03207671957671958
0 0.636656746031746 0.6496362433862434 0.04464285714285714 0.026124338624338623
0 0.6473214285714285 0.6827050264550264 0.0367063492063492 0.03009259259259259
0 0.5807291666666666 0.611276455026455 0.034474206349206345 0.030753968253968252
0 0.6206597222222222 0.5539021164021164 0.041914682539682536 0.021164021164021163
0 0.5124007936507936 0.6448412698412698 0.031746031746031744 0.023809523809523808
0 0.5492311507936508 0.6276455026455026 0.019593253968253968 0.04563492063492063
0 0.5487351190476191 0.582010582010582 0.04637896825396825 0.01455026455026455
0 0.5973462301587301 0.6845238095238095 0.04241071428571428 0.026455026455026454
0 0.5871775793650793 0.6517857142857143 0.037450396825396824 0.02976190476190476
