0 0.39632936507936506 0.6484788359788359 0.05704365079365079 0.03439153439153439
0 0.5249255952380952 0.6474867724867724 0.035962301587301584 0.0701058201058201
0 0.5796130952380952 0.6413690476190476 0.04513888888888889 0.05125661375661375
0 0.6486855158730158 0.7083333333333333 0.034474206349206345 0.04298941798941799
0 0.576016865079365 0.7119708994708994 0.038938492063492064 0.04497354497354497
0 0.7527281746031745 0.5206679894179894 0.05109126984126984 0.039351851851851846
0 0.5198412698412698 0.7123015873015872 0.04216269841269841 0.025793650793650792
0 0.9071180555555555 0.7486772486772486 0.06026785714285714 0.031084656084656083
0 0.9425843253968254 0.7194113756613756 0.06125992063492063 0.028769841269841268
0 0.9631696428571428 0.628637566137566 0.04389880952380952 0.032407407407407406
0 0.9174107142857142 0.5939153439153438 0.03621031746031746 0.03968253968253968
0 0.958829365079365 0.5939153439153438 0.0496031746031746 0.026455026455026454
