0 0.11557539682539682 0.7025462962962963 0.050595238095238096 0.04398148148148148
0 0.25830853174603174 0.5439814814814814 0.06374007936507936 0.042328042328042326
0 0.3995535714285714 0.6144179894179894 0.05357142857142857 0.041666666666666664
0 0.48239087301587297 0.6172288359788359 0.0560515873015873 0.04728835978835978
0 0.5383184523809523 0.6167328042328042 0.0404265873015873 0.0291005291005291
0 0.40438988095238093 0.7660383597883598 0.05629960317460317 0.04398148148148148
0 0.6081349206349206 0.5861441798941799 0.04662698412698413 0.05125661375661375
0 0.5884176587301587 0.5499338624338624 0.055803571428571425 0.027777777777777776
0 0.6891121031746031 0.6798941798941799 0.05183531746031746 0.037698412698412696
0 0.5478670634920635 0.7562830687830687 0.04662698412698413 0.03505291005291005
0 0.6344246031746031 0.6970899470899471 0.04563492063492063 0.03571428571428571
