0 0.5323660714285714 0.5524140211640212 0.02306547619047619 0.04662698412698413
0 0.4348958333333333 0.5357142857142857 0.021081349206349204 0.046296296296296294
0 0.5137648809523809 0.539021164021164 0.028521825396825396 0.028439153439153438
0 0.5131448412698413 0.5171957671957672 0.02976190476190476 0.01521164021164021
0 0.6041666666666666 0.6937830687830687 0.04067460317460317 0.027116402116402115
0 0.8225446428571428 0.7240410052910052 0.03050595238095238 0.038029100529100524
0 0.833829365079365 0.519510582010582 0.03968253968253968 0.037698412698412696
0 0.8562748015873015 0.48230820105820105 0.04389880952380952 0.02943121693121693
0 0.7156498015873015 0.24553571428571427 0.0523313492063492 0.04133597883597884
0 0.699032738095238 0.3374669312169312 0.057291666666666664 0.0367063492063492
0 0.5947420634920635 0.3558201058201058 0.026785714285714284 0.04828042328042328
0 0.544766865079365 0.1909722222222222 0.037450396825396824 0.04596560846560846
0 0.5871775793650793 0.18303571428571427 0.02554563492063492 0.05853174603174603
0 0.4454365079365079 0.18369708994708994 0.026785714285714284 0.05522486772486772
0 0.41232638888888884 0.35218253968253965 0.03943452380952381 0.027116402116402115
0 0.4541170634920635 0.33928571428571425 0.022817460317460316 0.03373015873015873
0 0.35627480158730157 0.3558201058201058 0.02405753968253968 0.017857142857142856
0 0.3689236111111111 0.3720238095238095 0.016617063492063492 0.03439153439153439
0 0.37661210317460314 0.3902116402116402 0.02306547619047619 0.041005291005291
0 0.37834821428571425 0.3159722222222222 0.017113095238095236 0.040013227513227514
