0 0.30791170634920634 0.4594907407407407 0.021577380952380952 0.0367063492063492
0 0.33308531746031744 0.3806216931216931 0.02827380952380952 0.022486772486772486
0 0.08271329365079365 0.2911706349206349 0.027033730158730156 0.02943121693121693
0 0.538938492063492 0.44609788359788355 0.051587301587301584 0.018518518518518517
0 0.44419642857142855 0.41369047619047616 0.03571428571428571 0.021825396825396824
0 0.6752232142857143 0.46841931216931215 0.04389880952380952 0.034060846560846555
0 0.45994543650793646 0.43915343915343913 0.03645833333333333 0.021825396825396824
0 0.4966517857142857 0.45453042328042326 0.024553571428571428 0.012235449735449735
0 0.529265873015873 0.45965608465608465 0.027777777777777776 0.01521164021164021
0 0.5660962301587301 0.4626322751322751 0.033482142857142856 0.01455026455026455
0 0.4817708333333333 0.44163359788359785 0.034474206349206345 0.018849206349206348
