0 0.6094990079365079 0.552579365079365 0.03943452380952381 0.021164021164021163
0 0.5378224206349206 0.5393518518518519 0.024553571428571428 0.0205026455026455
0 0.42782738095238093 0.5145502645502645 0.016865079365079364 0.04563492063492063
0 0.6469494047619048 0.5428240740740741 0.03249007936507936 0.022156084656084655
0 0.7346230158730158 0.5859788359788359 0.03422619047619047 0.028439153439153438
0 0.7816220238095237 0.6021825396825397 0.034970238095238096 0.027116402116402115
0 0.8360615079365079 0.6091269841269841 0.03422619047619047 0.01984126984126984
0 0.687375992063492 0.6393849206349206 0.028521825396825396 0.04265873015873016
0 0.3804563492063492 0.46941137566137564 0.03720238095238095 0.0248015873015873
0 0.447296626984127 0.5805224867724867 0.044890873015873016 0.03869047619047619
