0 0.8954613095238094 0.6790674603174602 0.04141865079365079 0.06448412698412698
0 0.6830357142857143 0.9279100529100529 0.04067460317460317 0.05291005291005291
0 0.6324404761904762 0.9383267195767195 0.039186507936507936 0.020833333333333332
0 0.6184275793650793 0.8214285714285714 0.028521825396825396 0.036375661375661374
0 0.6041666666666666 0.8791335978835978 0.04712301587301587 0.021494708994708994
0 0.6049107142857143 0.9049272486772486 0.027281746031746032 0.039351851851851846
0 0.4792906746031746 0.927579365079365 0.048859126984126984 0.01917989417989418
0 0.45610119047619047 0.8718584656084656 0.03224206349206349 0.016865079365079364
0 0.49144345238095233 0.8758267195767195 0.029513888888888888 0.04133597883597884
0 0.4517609126984127 0.6974206349206349 0.030009920634920632 0.02976190476190476
0 0.4115823412698412 0.7698412698412698 0.026041666666666664 0.022486772486772486
0 0.5990823412698413 0.6410383597883598 0.03050595238095238 0.05125661375661375
0 0.44766865079365076 0.4262566137566137 0.022817460317460316 0.047619047619047616
