0 0.45027281746031744 0.7486772486772486 0.035962301587301584 0.02976190476190476
0 0.4182787698412698 0.7919973544973544 0.02802579365079365 0.04894179894179894
0 0.3767361111111111 0.7691798941798942 0.029265873015873016 0.03902116402116402
0 0.37549603174603174 0.8688822751322751 0.04365079365079365 0.028769841269841268
0 0.5558035714285714 0.9523809523809523 0.03720238095238095 0.027116402116402115
0 0.5906498015873015 0.9642857142857142 0.0404265873015873 0.036375661375661374
0 0.4020337301587301 0.673611111111111 0.025793650793650792 0.02976190476190476
0 0.5205853174603174 0.6030092592592592 0.031746031746031744 0.027447089947089946
0 0.5607638888888888 0.5565476190476191 0.030753968253968252 0.031746031746031744
0 0.5938740079365079 0.5547288359788359 0.03249007936507936 0.01951058201058201
0 0.8159722222222222 0.863095238095238 0.03373015873015873 0.05423280423280423
0 0.747891865079365 0.9788359788359788 0.030009920634920632 0.041666666666666664
0 0.8288690476190476 0.49867724867724866 0.026785714285714284 0.05092592592592592
0 0.7607886904761905 0.42509920634920634 0.027529761904761904 0.05191798941798942
0 0.5993303571428571 0.25281084656084657 0.03298611111111111 0.022156084656084655
0 0.5680803571428571 0.26686507936507936 0.02554563492063492 0.03306878306878307
0 0.4946676587301587 0.2976190476190476 0.02901785714285714 0.027116402116402115
0 0.5379464285714285 0.2536375661375661 0.022817460317460316 0.03835978835978836
0 0.43539186507936506 0.2071759259259259 0.030009920634920632 0.018187830687830687
0 0.634672619047619 0.18716931216931215 0.026785714285714284 0.02513227513227513
0 0.4470486111111111 0.32175925925925924 0.031001984126984124 0.027777777777777776
0 0.46564980158730157 0.4298941798941799 0.02405753968253968 0.04034391534391534
0 0.4272073412698412 0.470734126984127 0.026537698412698412 0.0367063492063492
0 0.32539682539682535 0.3546626984126984 0.03968253968253968 0.02546296296296296
0 0.4089781746031746 0.1994047619047619 0.023313492063492064 0.0205026455026455
