0 0.5060763888888888 0.4722222222222222 0.013144841269841268 0.015873015873015872
0 0.5163690476190476 0.462797619047619 0.009424603174603174 0.016203703703703703
0 0.5280257936507936 0.45982142857142855 0.009424603174603174 0.014219576719576719
0 0.5469990079365079 0.44940476190476186 0.02405753968253968 0.027116402116402115
0 0.5336061507936508 0.47453703703703703 0.014632936507936508 0.016534391534391533
0 0.5755208333333333 0.48346560846560843 0.01909722222222222 0.01455026455026455
0 0.6413690476190476 0.45800264550264547 0.023313492063492064 0.01521164021164021
0 0.5952380952380952 0.5112433862433862 0.0183531746031746 0.025793650793650792
0 0.5753968253968254 0.49636243386243384 0.019345238095238096 0.011243386243386243
0 0.7251984126984127 0.4384920634920635 0.02976190476190476 0.0205026455026455
0 0.6968005952380952 0.4358465608465608 0.03298611111111111 0.018518518518518517
0 0.7788938492063492 0.4366732804232804 0.015625 0.018187830687830687
0 0.7749255952380952 0.4044312169312169 0.022073412698412696 0.03571428571428571
0 0.9206349206349206 0.39401455026455023 0.026785714285714284 0.03009259259259259
0 0.9572172619047619 0.3786375661375661 0.028521825396825396 0.01984126984126984
0 0.8112599206349206 0.13574735449735448 0.03273809523809523 0.016203703703703703
0 0.46800595238095233 0.6493055555555555 0.03422619047619047 0.02546296296296296
0 0.4532490079365079 0.7838955026455026 0.027529761904761904 0.01488095238095238
0 0.45138888888888884 0.8057208994708994 0.029265873015873016 0.018187830687830687
0 0.5522073412698413 0.3237433862433862 0.031001984126984124 0.023809523809523808
