0 0.5632440476190476 0.6018518518518519 0.030257936507936505 0.03902116402116402
0 0.6325644841269841 0.626984126984127 0.02901785714285714 0.036375661375661374
0 0.08754960317460317 0.6650132275132274 0.020833333333333332 0.022486772486772486
0 0.7425595238095237 0.1415343915343915 0.024305555555555552 0.016534391534391533
0 0.6870039682539683 0.32407407407407407 0.029265873015873016 0.021825396825396824
0 0.8820684523809523 0.2071759259259259 0.015128968253968252 0.010912698412698412
0 0.7854662698412698 0.2179232804232804 0.020337301587301584 0.03042328042328042
0 0.6545138888888888 0.48363095238095233 0.02827380952380952 0.017526455026455025
0 0.6251240079365079 0.4871031746031746 0.02405753968253968 0.016534391534391533
0 0.593625992063492 0.49619708994708994 0.028521825396825396 0.018187830687830687
0 0.45808531746031744 0.5238095238095237 0.025793650793650792 0.015873015873015872
0 0.015997023809523808 0.7354497354497354 0.016121031746031744 0.017857142857142856
