0 0.6376488095238095 0.595734126984127 0.029265873015873016 0.03141534391534391
0 0.46602182539682535 0.6121031746031745 0.03621031746031746 0.01984126984126984
0 0.39570932539682535 0.5322420634920635 0.021577380952380952 0.020833333333333332
0 0.44246031746031744 0.4917328042328042 0.022817460317460316 0.01984126984126984
0 0.4104662698412698 0.5029761904761905 0.01984126984126984 0.0291005291005291
0 0.4176587301587301 0.5109126984126984 0.017857142857142856 0.017857142857142856
0 0.3761160714285714 0.5234788359788359 0.02058531746031746 0.012566137566137565
0 0.603298611111111 0.3731812169312169 0.025049603174603172 0.028769841269841268
0 0.6325644841269841 0.45535714285714285 0.035962301587301584 0.018518518518518517
0 0.5204613095238095 0.4594907407407407 0.025049603174603172 0.012235449735449735
0 0.48363095238095233 0.4722222222222222 0.0248015873015873 0.013227513227513227
0 0.8880208333333333 0.17708333333333331 0.016121031746031744 0.02017195767195767
0 0.7120535714285714 0.2824074074074074 0.01984126984126984 0.01455026455026455
0 0.6968005952380952 0.2822420634920635 0.013640873015873016 0.03869047619047619
0 0.6334325396825397 0.15806878306878305 0.020337301587301584 0.02513227513227513
0 0.7502480158730158 0.12466931216931217 0.02232142857142857 0.017195767195767195
0 0.7894345238095237 0.18716931216931215 0.02132936507936508 0.036375661375661374
0 0.14149305555555555 0.44163359788359785 0.024553571428571428 0.014219576719576719
0 0.08333333333333333 0.6416997354497355 0.026289682539682536 0.013558201058201057
