0 0.5235615079365079 0.4029431216931217 0.02827380952380952 0.045304232804232805
0 0.4905753968253968 0.40509259259259256 0.015376984126984126 0.036375661375661374
0 0.4671378968253968 0.42080026455026454 0.022569444444444444 0.04133597883597884
0 0.503968253968254 0.4437830687830688 0.01240079365079365 0.028439153439153438
0 0.48251488095238093 0.49024470899470896 0.016617063492063492 0.04464285714285714
0 0.49888392857142855 0.49206349206349204 0.013640873015873016 0.046957671957671955
0 0.5212053571428571 0.48330026455026454 0.027529761904761904 0.022156084656084655
0 0.5357142857142857 0.548776455026455 0.031746031746031744 0.028108465608465607
0 0.5688244047619048 0.5555555555555556 0.013640873015873016 0.03968253968253968
0 0.5803571428571428 0.5481150793650793 0.016865079365079364 0.039351851851851846
0 0.5474950396825397 0.5755621693121693 0.02306547619047619 0.02414021164021164
0 0.6282242063492063 0.6185515873015872 0.022817460317460316 0.048611111111111105
