0 0.5906498015873015 0.6344246031746031 0.022569444444444444 0.04662698412698413
0 0.5944940476190476 0.8034060846560847 0.034722222222222224 0.04133597883597884
0 0.3054315476190476 0.36937830687830686 0.02554563492063492 0.03505291005291005
0 0.5688244047619048 0.6731150793650793 0.02554563492063492 0.03736772486772487
0 0.5177331349206349 0.7258597883597884 0.034970238095238096 0.0291005291005291
0 0.5460069444444444 0.7377645502645502 0.02802579365079365 0.03439153439153439
0 0.9800347222222222 0.11921296296296295 0.020089285714285712 0.04133597883597884
0 0.868923611111111 0.19775132275132273 0.02405753968253968 0.016534391534391533
0 0.8618551587301587 0.051587301587301584 0.005456349206349206 0.025793650793650792
0 0.5220734126984127 0.35747354497354494 0.015376984126984126 0.023809523809523808
0 0.5146329365079365 0.4376653439153439 0.033234126984126984 0.022817460317460316
