0 0.7039930555555555 0.34027777777777773 0.01909722222222222 0.046296296296296294
0 0.5887896825396826 0.36706349206349204 0.02132936507936508 0.046296296296296294
0 0.576016865079365 0.30902777777777773 0.022073412698412696 0.040013227513227514
0 0.5300099206349206 0.3621031746031746 0.03224206349206349 0.027116402116402115
0 0.41840277777777773 0.41666666666666663 0.0183531746031746 0.016534391534391533
0 0.37487599206349204 0.5165343915343915 0.031001984126984124 0.026455026455026454
0 0.4079861111111111 0.6035052910052909 0.0248015873015873 0.021825396825396824
0 0.5285218253968254 0.5299272486772486 0.013392857142857142 0.03869047619047619
0 0.2528521825396825 0.6726190476190476 0.016121031746031744 0.041666666666666664
0 0.44556051587301587 0.726521164021164 0.01909722222222222 0.03306878306878307
0 0.4351438492063492 0.7442129629629629 0.022569444444444444 0.023478835978835978
0 0.5593998015873015 0.6572420634920635 0.027529761904761904 0.0333994708994709
0 0.6344246031746031 0.6770833333333333 0.01488095238095238 0.04199735449735449
0 0.7042410714285714 0.6398809523809523 0.031001984126984124 0.027116402116402115
0 0.6101190476190476 0.7878637566137565 0.021825396825396824 0.02414021164021164
0 0.8877728174603174 0.8232473544973544 0.020089285714285712 0.03869047619047619
0 0.9067460317460317 0.9713955026455026 0.01984126984126984 0.04464285714285714
