0 0.3661954365079365 0.5548941798941799 0.027033730158730156 0.022486772486772486
0 0.4334077380952381 0.5611772486772486 0.031994047619047616 0.02447089947089947
0 0.4879712301587301 0.5317460317460317 0.02306547619047619 0.0205026455026455
0 0.5048363095238095 0.5309193121693121 0.01413690476190476 0.04133597883597884
0 0.5498511904761905 0.548776455026455 0.03224206349206349 0.01951058201058201
0 0.5252976190476191 0.6069775132275131 0.024305555555555552 0.027447089947089946
0 0.546875 0.6412037037037037 0.020833333333333332 0.023809523809523808
0 0.45920138888888884 0.6623677248677249 0.018601190476190476 0.03306878306878307
0 0.4327876984126984 0.6747685185185185 0.020337301587301584 0.03207671957671958
0 0.4097222222222222 0.6086309523809523 0.015376984126984126 0.018849206349206348
0 0.31659226190476186 0.6908068783068783 0.022569444444444444 0.02976190476190476
0 0.44692460317460314 0.7055224867724867 0.011904761904761904 0.034060846560846555
0 0.5574156746031745 0.7240410052910052 0.031994047619047616 0.028108465608465607
0 0.5163690476190476 0.7379298941798942 0.029265873015873016 0.028769841269841268
0 0.6076388888888888 0.7025462962962963 0.025793650793650792 0.03273809523809523
0 0.6780753968253967 0.5476190476190476 0.03621031746031746 0.037037037037037035
0 0.6846478174603174 0.48164682539682535 0.021577380952380952 0.045304232804232805
0 0.6449652777777778 0.46759259259259256 0.02306547619047619 0.046296296296296294
0 0.6649305555555555 0.47536375661375657 0.013392857142857142 0.036044973544973546
0 0.5708085317460317 0.40244708994708994 0.017113095238095236 0.01984126984126984
0 0.591641865079365 0.3726851851851852 0.02058531746031746 0.016534391534391533
0 0.6088789682539683 0.3771494708994709 0.008432539682539682 0.018849206349206348
0 0.6939484126984127 0.269510582010582 0.034722222222222224 0.031084656084656083
0 0.652405753968254 0.31481481481481477 0.031001984126984124 0.01984126984126984
0 0.7290426587301587 0.32853835978835977 0.035962301587301584 0.02546296296296296
0 0.8163442460317459 0.20453042328042326 0.029513888888888888 0.027447089947089946
0 0.6707589285714285 0.1164021164021164 0.018601190476190476 0.017857142857142856
0 0.6083829365079365 0.0796957671957672 0.0248015873015873 0.03902116402116402
0 0.621031746031746 0.12086640211640211 0.023313492063492064 0.028108465608465607
0 0.7240823412698413 0.1025132275132275 0.031001984126984124 0.01521164021164021
0 0.7154017857142857 0.08763227513227513 0.021577380952380952 0.013227513227513227
0 0.8276289682539683 0.35648148148148145 0.0248015873015873 0.041666666666666664
0 0.747891865079365 0.5004960317460317 0.029513888888888888 0.015542328042328041
0 0.784970238095238 0.7237103174603174 0.031746031746031744 0.026124338624338623
0 0.8315972222222222 0.9690806878306878 0.02232142857142857 0.04728835978835978
0 0.589657738095238 0.8131613756613756 0.021081349206349204 0.032407407407407406
0 0.5260416666666666 0.845734126984127 0.025297619047619048 0.03141534391534391
0 0.544766865079365 0.7680224867724867 0.014632936507936508 0.04596560846560846
0 0.38876488095238093 0.8955026455026455 0.01066468253968254 0.017195767195767195
0 0.40600198412698413 0.8549933862433862 0.02232142857142857 0.018187830687830687
0 0.36607142857142855 0.1271494708994709 0.015376984126984126 0.039351851851851846
0 0.6212797619047619 0.14186507936507936 0.030257936507936505 0.01917989417989418
