0 0.7268105158730158 0.04117063492063492 0.01066468253968254 0.04464285714285714
0 0.7735615079365079 0.03968253968253968 0.026785714285714284 0.01984126984126984
0 0.6608382936507936 0.1068121693121693 0.028521825396825396 0.026455026455026454
0 0.671750992063492 0.050595238095238096 0.02306547619047619 0.0291005291005291
0 0.6901041666666666 0.20122354497354497 0.017609126984126984 0.018849206349206348
0 0.7008928571428571 0.18584656084656084 0.013888888888888888 0.021825396825396824
0 0.7037450396825397 0.23462301587301587 0.022073412698412696 0.028108465608465607
0 0.6318204365079365 0.2880291005291005 0.017609126984126984 0.011243386243386243
0 0.8704117063492063 0.2873677248677248 0.028521825396825396 0.04365079365079365
0 0.8146081349206349 0.44510582010582006 0.013640873015873016 0.037037037037037035
0 0.7565724206349206 0.4193121693121693 0.01810515873015873 0.04365079365079365
0 0.6804315476190476 0.38442460317460314 0.013640873015873016 0.030753968253968252
0 0.6986607142857143 0.3890542328042328 0.014384920634920634 0.028769841269841268
0 0.6803075396825397 0.4105489417989418 0.010912698412698412 0.02414021164021164
0 0.621031746031746 0.6359126984126984 0.02976190476190476 0.036375661375661374
0 0.5376984126984127 0.6369047619047619 0.025297619047619048 0.01917989417989418
0 0.5626240079365079 0.6623677248677249 0.025049603174603172 0.03902116402116402
0 0.6056547619047619 0.7237103174603174 0.01984126984126984 0.026124338624338623
0 0.503720238095238 0.7285052910052909 0.020833333333333332 0.025793650793650792
0 0.4681299603174603 0.6051587301587301 0.016121031746031744 0.04034391534391534
0 0.48363095238095233 0.5697751322751322 0.016865079365079364 0.037037037037037035
0 0.5540674603174602 0.5152116402116402 0.025297619047619048 0.027777777777777776
0 0.5715525793650793 0.5499338624338624 0.016121031746031744 0.01917989417989418
0 0.43464781746031744 0.5051256613756614 0.03050595238095238 0.013558201058201057
0 0.4575892857142857 0.5656415343915343 0.02976190476190476 0.02017195767195767
0 0.4585813492063492 0.7954695767195766 0.01984126984126984 0.03141534391534391
0 0.402281746031746 0.7805886243386243 0.014384920634920634 0.015542328042328041
0 0.49342757936507936 0.7633928571428571 0.010168650793650792 0.036044973544973546
0 0.8617311507936507 0.8804563492063492 0.03249007936507936 0.02943121693121693
0 0.8619791666666666 0.6729497354497355 0.035962301587301584 0.037037037037037035
0 0.9051339285714285 0.7144510582010581 0.01413690476190476 0.012896825396825396
0 0.8271329365079365 0.45965608465608465 0.023809523809523808 0.023148148148148147
0 0.5357142857142857 0.44262566137566134 0.016865079365079364 0.0367063492063492
0 0.6338045634920635 0.1564153439153439 0.02306547619047619 0.0291005291005291
0 0.5443948412698413 0.1615410052910053 0.01488095238095238 0.034060846560846555
