0 0.7552083333333333 0.19444444444444442 0.030257936507936505 0.023809523809523808
0 0.6669146825396826 0.3212632275132275 0.03273809523809523 0.018187830687830687
0 0.5355902777777778 0.2961309523809524 0.026537698412698412 0.04067460317460317
0 0.5822172619047619 0.4662698412698412 0.022569444444444444 0.047619047619047616
0 0.5157490079365079 0.595568783068783 0.029513888888888888 0.03306878306878307
0 0.5902777777777778 0.5477843915343915 0.015873015873015872 0.04993386243386243
0 0.6061507936507936 0.5261243386243386 0.020833333333333332 0.03505291005291005
0 0.6174355158730158 0.4966931216931217 0.021577380952380952 0.031084656084656083
0 0.45982142857142855 0.7278439153439153 0.024305555555555552 0.05555555555555555
0 0.46242559523809523 0.6506283068783069 0.03546626984126984 0.026785714285714284
0 0.5711805555555555 0.767691798941799 0.02976190476190476 0.034722222222222224
0 0.23152281746031744 0.6059854497354497 0.017113095238095236 0.04728835978835978
