0 0.08209325396825397 0.3267195767195767 0.025793650793650792 0.042328042328042326
0 0.2072172619047619 0.35995370370370366 0.021081349206349204 0.040013227513227514
0 0.1423611111111111 0.2924933862433862 0.017361111111111112 0.03141534391534391
0 0.201140873015873 0.5051256613756614 0.020833333333333332 0.048611111111111105
0 0.23933531746031744 0.47387566137566134 0.03125 0.036375661375661374
0 0.16269841269841268 0.5712632275132274 0.026785714285714284 0.04398148148148148
0 0.4542410714285714 0.9522156084656084 0.01909722222222222 0.034060846560846555
0 0.46850198412698413 0.9472552910052909 0.011904761904761904 0.034722222222222224
0 0.46899801587301587 0.9775132275132274 0.03869047619047619 0.023148148148148147
0 0.48735119047619047 0.8449074074074073 0.01984126984126984 0.03306878306878307
0 0.47383432539682535 0.72255291005291 0.023561507936507936 0.037698412698412696
0 0.47718253968253965 0.7000661375661376 0.030753968253968252 0.026455026455026454
0 0.3679315476190476 0.9092261904761905 0.03249007936507936 0.027447089947089946
0 0.39496527777777773 0.9136904761904762 0.018601190476190476 0.02513227513227513
0 0.4040178571428571 0.892526455026455 0.0183531746031746 0.03306878306878307
0 0.7666170634920635 0.9384920634920635 0.03720238095238095 0.03571428571428571
0 0.8232886904761905 0.9459325396825397 0.029513888888888888 0.03869047619047619
0 0.7193700396825397 0.8893849206349206 0.011160714285714284 0.022817460317460316
0 0.712673611111111 0.8546626984126984 0.03695436507936508 0.028108465608465607
0 0.597718253968254 0.8010912698412698 0.03869047619047619 0.018849206349206348
0 0.5487351190476191 0.7336309523809523 0.026041666666666664 0.03736772486772487
0 0.5998263888888888 0.6975859788359788 0.029513888888888888 0.02943121693121693
0 0.5367063492063492 0.69130291005291 0.026785714285714284 0.034060846560846555
0 0.6039186507936508 0.6491402116402116 0.023313492063492064 0.03042328042328042
0 0.5074404761904762 0.6579034391534391 0.016369047619047616 0.034722222222222224
0 0.5128968253968254 0.6412037037037037 0.0248015873015873 0.03306878306878307
0 0.45808531746031744 0.5978835978835979 0.024305555555555552 0.026455026455026454
0 0.39322916666666663 0.6056547619047619 0.030009920634920632 0.021494708994708994
0 0.48065476190476186 0.6061507936507936 0.0248015873015873 0.025793650793650792
0 0.5029761904761905 0.6168981481481481 0.023809523809523808 0.02546296296296296
0 0.5368303571428571 0.6241732804232804 0.027529761904761904 0.01951058201058201
0 0.5829613095238095 0.6164021164021164 0.021081349206349204 0.021825396825396824
0 0.5472470238095237 0.5896164021164021 0.026537698412698412 0.03835978835978836
0 0.5595238095238095 0.5891203703703703 0.016865079365079364 0.028769841269841268
0 0.6417410714285714 0.5618386243386243 0.017113095238095236 0.026455026455026454
0 0.675719246031746 0.5244708994708994 0.017113095238095236 0.018518518518518517
0 0.6879960317460317 0.6383928571428571 0.020833333333333332 0.034060846560846555
0 0.6274801587301587 0.6225198412698413 0.027281746031746032 0.027447089947089946
0 0.6144593253968254 0.6087962962962963 0.027033730158730156 0.01984126984126984
0 0.8778521825396824 0.5765542328042328 0.02802579365079365 0.027447089947089946
0 0.7209821428571428 0.632771164021164 0.014384920634920634 0.027447089947089946
0 0.736359126984127 0.6276455026455026 0.014384920634920634 0.021825396825396824
0 0.7015128968253967 0.7936507936507936 0.024553571428571428 0.03439153439153439
0 0.7431795634920635 0.462797619047619 0.02554563492063492 0.0367063492063492
0 0.8680555555555555 0.3829365079365079 0.018849206349206348 0.032407407407407406
0 0.8835565476190476 0.3310185185185185 0.018601190476190476 0.04828042328042328
0 0.7743055555555555 0.27662037037037035 0.03819444444444444 0.0248015873015873
0 0.6532738095238095 0.2962962962962963 0.028769841269841268 0.023148148148148147
0 0.659970238095238 0.38442460317460314 0.020337301587301584 0.045304232804232805
0 0.640500992063492 0.4087301587301587 0.030009920634920632 0.0205026455026455
0 0.6197916666666666 0.41484788359788355 0.02827380952380952 0.028108465608465607
0 0.613219246031746 0.433531746031746 0.030009920634920632 0.03306878306878307
0 0.5944940476190476 0.43981481481481477 0.018849206349206348 0.02513227513227513
0 0.5491071428571428 0.4396494708994709 0.018849206349206348 0.038029100529100524
0 0.5753968253968254 0.46312830687830686 0.013888888888888888 0.03869047619047619
0 0.5809771825396826 0.5006613756613756 0.02306547619047619 0.04298941798941799
0 0.5529513888888888 0.5372023809523809 0.011656746031746032 0.028108465608465607
0 0.617063492063492 0.46875 0.034722222222222224 0.02017195767195767
0 0.462921626984127 0.4203042328042328 0.02802579365079365 0.02447089947089947
0 0.40612599206349204 0.3860780423280423 0.033482142857142856 0.02017195767195767
0 0.3665674603174603 0.34226190476190477 0.039186507936507936 0.017195767195767195
0 0.35900297619047616 0.32192460317460314 0.033482142857142856 0.03009259259259259
0 0.4847470238095238 0.32705026455026454 0.0339781746031746 0.026455026455026454
0 0.46019345238095233 0.3708664021164021 0.021577380952380952 0.021494708994708994
0 0.3778521825396825 0.7101521164021164 0.02554563492063492 0.028769841269841268
0 0.40848214285714285 0.20238095238095238 0.02232142857142857 0.05092592592592592
0 0.4619295634920635 0.21593915343915343 0.018601190476190476 0.03439153439153439
0 0.5456349206349206 0.28091931216931215 0.03869047619047619 0.022817460317460316
0 0.47792658730158727 0.27116402116402116 0.022817460317460316 0.02447089947089947
0 0.6886160714285714 0.25066137566137564 0.01810515873015873 0.03439153439153439
0 0.665798611111111 0.28125 0.019593253968253968 0.03869047619047619
0 0.7844742063492063 0.2533068783068783 0.03521825396825397 0.01917989417989418
0 0.7863343253968254 0.22304894179894177 0.03844246031746031 0.02943121693121693
0 0.7317708333333333 0.2005621693121693 0.03298611111111111 0.03273809523809523
0 0.6966765873015872 0.14136904761904762 0.019345238095238096 0.02414021164021164
0 0.6654265873015872 0.19576719576719576 0.026289682539682536 0.018518518518518517
0 0.6773313492063492 0.1056547619047619 0.02232142857142857 0.0367063492063492
0 0.6222718253968254 0.1228505291005291 0.025297619047619048 0.030753968253968252
0 0.6510416666666666 0.06266534391534391 0.012896825396825396 0.015542328042328041
0 0.7240823412698413 0.07589285714285714 0.02306547619047619 0.04133597883597884
0 0.7855902777777777 0.08449074074074074 0.018601190476190476 0.03538359788359788
0 0.7880704365079365 0.06431878306878307 0.020089285714285712 0.034060846560846555
0 0.9725942460317459 0.18468915343915343 0.012648809523809524 0.04133597883597884
0 0.9249751984126984 0.17708333333333331 0.029513888888888888 0.028108465608465607
0 0.8812003968253967 0.49107142857142855 0.028769841269841268 0.022486772486772486
