0 0.9319196428571428 0.13012566137566137 0.026537698412698412 0.04133597883597884
0 0.9579613095238094 0.16881613756613756 0.031001984126984124 0.020833333333333332
0 0.8585069444444444 0.19130291005291003 0.04141865079365079 0.02414021164021164
0 0.8194444444444444 0.21428571428571427 0.027777777777777776 0.026455026455026454
0 0.7703373015873015 0.011574074074074073 0.03273809523809523 0.013888888888888888
0 0.7565724206349206 0.0248015873015873 0.0339781746031746 0.01917989417989418
0 0.6878720238095237 0.05291005291005291 0.016617063492063492 0.0291005291005291
0 0.714905753968254 0.09837962962962962 0.02405753968253968 0.03869047619047619
0 0.6608382936507936 0.11177248677248677 0.021081349206349204 0.03439153439153439
0 0.7335069444444444 0.13425925925925924 0.02306547619047619 0.027116402116402115
0 0.7238343253968254 0.24173280423280422 0.021081349206349204 0.03042328042328042
0 0.7013888888888888 0.2719907407407407 0.023313492063492064 0.04265873015873016
0 0.8102678571428571 0.24603174603174602 0.020337301587301584 0.031084656084656083
0 0.8110119047619048 0.2708333333333333 0.03373015873015873 0.013888888888888888
0 0.7912946428571428 0.27397486772486773 0.02306547619047619 0.026785714285714284
0 0.6935763888888888 0.40162037037037035 0.03546626984126984 0.022817460317460316
0 0.6458333333333333 0.3996362433862434 0.02976190476190476 0.026785714285714284
0 0.6713789682539683 0.29828042328042326 0.029265873015873016 0.037037037037037035
0 0.6879960317460317 0.28290343915343913 0.027777777777777776 0.026785714285714284
0 0.5793650793650793 0.26603835978835977 0.03869047619047619 0.02414021164021164
0 0.9184027777777777 0.300760582010582 0.030257936507936505 0.027447089947089946
0 0.9150545634920635 0.3267195767195767 0.022569444444444444 0.03306878306878307
0 0.8629712301587301 0.35912698412698413 0.02405753968253968 0.01984126984126984
0 0.907986111111111 0.5616732804232804 0.034722222222222224 0.021494708994708994
0 0.773313492063492 0.4507275132275132 0.02827380952380952 0.031746031746031744
0 0.7022569444444444 0.5902777777777778 0.022073412698412696 0.025793650793650792
0 0.7211061507936507 0.6076388888888888 0.02802579365079365 0.015542328042328041
0 0.7549603174603174 0.5876322751322751 0.016865079365079364 0.032407407407407406
0 0.7497519841269841 0.6205357142857143 0.017857142857142856 0.038029100529100524
0 0.7650049603174602 0.6155753968253967 0.016617063492063492 0.0367063492063492
0 0.7857142857142857 0.7873677248677248 0.023809523809523808 0.042328042328042326
0 0.6685267857142857 0.8419312169312169 0.02554563492063492 0.046296296296296294
0 0.7999751984126984 0.8878968253968254 0.025049603174603172 0.05555555555555555
0 0.7390873015873015 0.8695436507936507 0.025793650793650792 0.020833333333333332
0 0.849578373015873 0.9350198412698412 0.02802579365079365 0.039351851851851846
0 0.9094742063492063 0.48048941798941797 0.030753968253968252 0.021825396825396824
0 0.7084573412698413 0.5094246031746031 0.022569444444444444 0.028769841269841268
0 0.6277281746031745 0.4196428571428571 0.024305555555555552 0.021825396825396824
0 0.6376488095238095 0.4378306878306878 0.02827380952380952 0.04431216931216931
0 0.6473214285714285 0.45287698412698413 0.027777777777777776 0.01488095238095238
0 0.5829613095238095 0.41898148148148145 0.017113095238095236 0.04563492063492063
0 0.6003224206349206 0.42080026455026454 0.026537698412698412 0.0248015873015873
0 0.6158234126984127 0.4968584656084656 0.03125 0.016203703703703703
0 0.6197916666666666 0.5150462962962963 0.026289682539682536 0.026124338624338623
0 0.609250992063492 0.5530753968253967 0.02058531746031746 0.022817460317460316
0 0.6282242063492063 0.617063492063492 0.021825396825396824 0.01917989417989418
0 0.6015625 0.6197089947089947 0.03050595238095238 0.01521164021164021
0 0.6256200396825397 0.6825396825396826 0.027529761904761904 0.01984126984126984
0 0.6163194444444444 0.6374007936507936 0.0183531746031746 0.0248015873015873
0 0.558531746031746 0.6188822751322751 0.023809523809523808 0.026124338624338623
0 0.5649801587301587 0.5692791005291005 0.015376984126984126 0.0333994708994709
0 0.5824652777777778 0.5755621693121693 0.016121031746031744 0.026124338624338623
0 0.587673611111111 0.5557208994708994 0.014632936507936508 0.03736772486772487
0 0.5884176587301587 0.5024801587301587 0.012648809523809524 0.02546296296296296
0 0.6760912698412698 0.6038359788359788 0.01488095238095238 0.03306878306878307
0 0.5815972222222222 0.708994708994709 0.025297619047619048 0.031084656084656083
0 0.5871775793650793 0.677579365079365 0.023561507936507936 0.031084656084656083
0 0.5679563492063492 0.6681547619047619 0.029265873015873016 0.02546296296296296
0 0.558655753968254 0.7379298941798942 0.022073412698412696 0.023478835978835978
0 0.5086805555555556 0.769510582010582 0.019345238095238096 0.03505291005291005
0 0.5169890873015873 0.8171296296296295 0.016121031746031744 0.032407407407407406
0 0.5002480158730158 0.8293650793650793 0.016369047619047616 0.03306878306878307
0 0.49479166666666663 0.9158399470899471 0.016865079365079364 0.034060846560846555
0 0.4800347222222222 0.9381613756613756 0.029513888888888888 0.01917989417989418
0 0.48598710317460314 0.9578373015873015 0.030009920634920632 0.023478835978835978
0 0.43464781746031744 0.8601190476190476 0.012648809523809524 0.02976190476190476
0 0.4021577380952381 0.8678902116402116 0.02306547619047619 0.02414021164021164
0 0.42162698412698413 0.8758267195767195 0.010416666666666666 0.0333994708994709
0 0.4931795634920635 0.708829365079365 0.03050595238095238 0.02943121693121693
0 0.5032242063492063 0.6127645502645502 0.03224206349206349 0.023809523809523808
0 0.4966517857142857 0.5115740740740741 0.03050595238095238 0.01917989417989418
0 0.501736111111111 0.583994708994709 0.031746031746031744 0.0205026455026455
0 0.4712301587301587 0.5775462962962963 0.027281746031746032 0.023478835978835978
0 0.35292658730158727 0.5596891534391534 0.023313492063492064 0.02546296296296296
0 0.49615575396825395 0.40492724867724866 0.024553571428571428 0.022817460317460316
0 0.4205109126984127 0.40773809523809523 0.022073412698412696 0.037037037037037035
0 0.40166170634920634 0.3125 0.019593253968253968 0.042328042328042326
0 0.41455853174603174 0.3083664021164021 0.017113095238095236 0.020833333333333332
0 0.5224454365079365 0.3128306878306878 0.031001984126984124 0.023148148148148147
0 0.4952876984126984 0.3548280423280423 0.020337301587301584 0.025793650793650792
0 0.46899801587301587 0.4052579365079365 0.024305555555555552 0.03207671957671958
