0 0.486359126984127 0.8878968253968254 0.030753968253968252 0.06084656084656084
0 0.4895833333333333 0.9596560846560847 0.030753968253968252 0.04298941798941799
0 0.574032738095238 0.7509920634920635 0.03149801587301587 0.041666666666666664
0 0.59375 0.9093915343915343 0.03224206349206349 0.03505291005291005
0 0.628844246031746 0.8971560846560847 0.02058531746031746 0.04894179894179894
0 0.6314484126984127 0.8192791005291005 0.018849206349206348 0.04464285714285714
0 0.5674603174603174 0.9325396825396824 0.02232142857142857 0.03835978835978836
0 0.558407738095238 0.9014550264550264 0.034474206349206345 0.0291005291005291
0 0.6631944444444444 0.8948412698412698 0.023809523809523808 0.031084656084656083
0 0.7347470238095237 0.8587962962962963 0.022073412698412696 0.036375661375661374
0 0.7800099206349206 0.8880621693121693 0.013392857142857142 0.04398148148148148
0 0.7925347222222222 0.9021164021164021 0.023561507936507936 0.02976190476190476
0 0.8033234126984127 0.9110449735449735 0.025793650793650792 0.03306878306878307
0 0.8127480158730158 0.8875661375661376 0.01984126984126984 0.023809523809523808
0 0.8263888888888888 0.8485449735449735 0.014384920634920634 0.04034391534391534
0 0.7501240079365079 0.7863756613756613 0.026537698412698412 0.03042328042328042
0 0.7522321428571428 0.7471891534391534 0.023313492063492064 0.040013227513227514
0 0.728298611111111 0.7478505291005291 0.028521825396825396 0.022156084656084655
0 0.43725198412698413 0.6929563492063492 0.022817460317460316 0.022156084656084655
0 0.5012400793650793 0.6808862433862434 0.03224206349206349 0.023148148148148147
0 0.49007936507936506 0.6162367724867724 0.026289682539682536 0.020833333333333332
0 0.45473710317460314 0.6200396825396826 0.022073412698412696 0.03306878306878307
0 0.4073660714285714 0.513558201058201 0.029513888888888888 0.023809523809523808
0 0.5966021825396826 0.5729166666666666 0.021081349206349204 0.040013227513227514
0 0.644345238095238 0.6663359788359788 0.03521825396825397 0.01455026455026455
0 0.6046626984126984 0.6810515873015872 0.03224206349206349 0.018187830687830687
0 0.6165674603174602 0.6331018518518519 0.013392857142857142 0.040013227513227514
0 0.6338045634920635 0.6203703703703703 0.02802579365079365 0.017857142857142856
0 0.7250744047619048 0.5117394179894179 0.023561507936507936 0.026785714285714284
0 0.7003968253968254 0.4917328042328042 0.03373015873015873 0.017857142857142856
0 0.6439732142857143 0.4246031746031746 0.03249007936507936 0.02976190476190476
0 0.6747271825396826 0.337797619047619 0.02901785714285714 0.034060846560846555
0 0.6135912698412698 0.3498677248677248 0.018849206349206348 0.056216931216931214
0 0.4083581349206349 0.47817460317460314 0.025049603174603172 0.02513227513227513
0 0.42237103174603174 0.48148148148148145 0.011904761904761904 0.03835978835978836
0 0.5405505952380952 0.23759920634920634 0.02405753968253968 0.020833333333333332
0 0.8293650793650793 0.6140873015873015 0.026289682539682536 0.03439153439153439
0 0.22383432539682538 0.9637896825396824 0.03546626984126984 0.0333994708994709
0 0.21242559523809523 0.7476851851851851 0.015128968253968252 0.027777777777777776
0 0.1824156746031746 0.8625992063492063 0.02901785714285714 0.026785714285714284
0 0.015625 0.49900793650793646 0.027281746031746032 0.04365079365079365
0 0.31845238095238093 0.06084656084656084 0.026785714285714284 0.0496031746031746
0 0.19456845238095238 0.1994047619047619 0.022073412698412696 0.023809523809523808
0 0.35391865079365076 0.17609126984126983 0.018849206349206348 0.036044973544973546
0 0.5706845238095237 0.1575727513227513 0.029265873015873016 0.03141534391534391
