0 0.6429811507936508 0.3829365079365079 0.03050595238095238 0.04563492063492063
0 0.6071428571428571 0.42658730158730157 0.029265873015873016 0.037037037037037035
0 0.6290922619047619 0.4699074074074074 0.04241071428571428 0.036375661375661374
0 0.4967757936507936 0.5749007936507936 0.026785714285714284 0.04133597883597884
0 0.4538690476190476 0.6383928571428571 0.024305555555555552 0.04398148148148148
0 0.5298859126984127 0.6441798941798942 0.031001984126984124 0.04365079365079365
0 0.572296626984127 0.6934523809523809 0.03050595238095238 0.03968253968253968
0 0.3970734126984127 0.8554894179894179 0.03224206349206349 0.0496031746031746
0 0.47383432539682535 0.8655753968253967 0.0339781746031746 0.018849206349206348
0 0.47271825396825395 0.8822751322751322 0.03224206349206349 0.012566137566137565
0 0.2508680555555555 0.6805555555555555 0.026041666666666664 0.04894179894179894
0 0.23226686507936506 0.2447089947089947 0.024553571428571428 0.023809523809523808
0 0.2622767857142857 0.25925925925925924 0.026537698412698412 0.02976190476190476
0 0.09895833333333333 0.369047619047619 0.02827380952380952 0.01984126984126984
0 0.010788690476190476 0.5406746031746031 0.018601190476190476 0.04563492063492063
0 0.023685515873015872 0.7247023809523809 0.03149801587301587 0.016865079365079364
0 0.39223710317460314 0.32291666666666663 0.034474206349206345 0.026785714285714284
0 0.2986111111111111 0.40856481481481477 0.020833333333333332 0.03207671957671958
0 0.6037946428571428 0.045469576719576715 0.03844246031746031 0.05720899470899471
