0 0.5131448412698413 0.4499007936507936 0.03819444444444444 0.030753968253968252
0 0.5625 0.501984126984127 0.030753968253968252 0.042328042328042326
0 0.6285962301587301 0.4907407407407407 0.038938492063492064 0.031084656084656083
0 0.5290178571428571 0.6694775132275131 0.026289682539682536 0.05720899470899471
0 0.43539186507936506 0.8068783068783069 0.02802579365079365 0.04034391534391534
0 0.39806547619047616 0.8850859788359788 0.033234126984126984 0.04067460317460317
0 0.4861111111111111 0.8568121693121693 0.027281746031746032 0.046296296296296294
0 0.4539930555555555 0.8432539682539683 0.03695436507936508 0.023148148148148147
0 0.23115079365079363 0.25925925925925924 0.03621031746031746 0.026455026455026454
0 0.23263888888888887 0.30241402116402116 0.025793650793650792 0.038029100529100524
0 0.2881944444444444 0.42410714285714285 0.022817460317460316 0.04265873015873016
0 0.078125 0.39533730158730157 0.03224206349206349 0.04398148148148148
0 0.578000992063492 0.09904100529100529 0.037450396825396824 0.038029100529100524
0 0.5908978174603174 0.06200396825396825 0.03149801587301587 0.026785714285714284
