0 0.42683531746031744 0.45006613756613756 0.027281746031746032 0.03968253968253968
0 0.039806547619047616 0.1941137566137566 0.02802579365079365 0.021825396825396824
0 0.1111111111111111 0.0755621693121693 0.02232142857142857 0.03538359788359788
0 0.1324404761904762 0.24851190476190474 0.02132936507936508 0.04067460317460317
0 0.2659970238095238 0.238260582010582 0.02058531746031746 0.034722222222222224
0 0.31659226190476186 0.1240079365079365 0.017113095238095236 0.05489417989417989
0 0.2027529761904762 0.2719907407407407 0.031994047619047616 0.021494708994708994
0 0.09375 0.36507936507936506 0.029265873015873016 0.032407407407407406
0 0.034970238095238096 0.49785052910052907 0.03224206349206349 0.018849206349206348
0 0.16282242063492064 0.6064814814814814 0.033482142857142856 0.036375661375661374
0 0.1416170634920635 0.707010582010582 0.03968253968253968 0.023809523809523808
0 0.19965277777777776 0.8078703703703703 0.026289682539682536 0.042328042328042326
0 0.04427083333333333 0.8153108465608465 0.030009920634920632 0.018849206349206348
0 0.04923115079365079 0.8458994708994708 0.033482142857142856 0.026455026455026454
0 0.2249503968253968 0.9032738095238094 0.026785714285714284 0.021494708994708994
0 0.24677579365079363 0.8586309523809523 0.019345238095238096 0.04398148148148148
0 0.3557787698412698 0.20205026455026454 0.02554563492063492 0.015873015873015872
0 0.33444940476190477 0.18931878306878305 0.027529761904761904 0.0248015873015873
0 0.2779017857142857 0.3463955026455026 0.035962301587301584 0.023478835978835978
0 0.3428819444444444 0.34011243386243384 0.03695436507936508 0.02546296296296296
0 0.25917658730158727 0.44940476190476186 0.020337301587301584 0.04298941798941799
0 0.32800099206349204 0.4384920634920635 0.024553571428571428 0.04894179894179894
0 0.2144097222222222 0.47734788359788355 0.02901785714285714 0.040013227513227514
0 0.3189484126984127 0.49983465608465605 0.015873015873015872 0.03869047619047619
0 0.35726686507936506 0.8293650793650793 0.03298611111111111 0.023809523809523808
0 0.38070436507936506 0.9753637566137565 0.03621031746031746 0.0367063492063492
0 0.433531746031746 0.8558201058201058 0.03521825396825397 0.023148148148148147
0 0.5493551587301587 0.7919973544973544 0.0183531746031746 0.041005291005291
0 0.5685763888888888 0.8850859788359788 0.017113095238095236 0.04464285714285714
0 0.6429811507936508 0.9814814814814814 0.02058531746031746 0.036375661375661374
0 0.607266865079365 0.7354497354497354 0.03844246031746031 0.0291005291005291
0 0.5419146825396826 0.6759259259259259 0.025297619047619048 0.042328042328042326
0 0.4743303571428571 0.6531084656084656 0.024553571428571428 0.027777777777777776
0 0.5060763888888888 0.6481481481481481 0.026041666666666664 0.02513227513227513
0 0.3934771825396825 0.7073412698412698 0.024553571428571428 0.037037037037037035
0 0.5607638888888888 0.5990410052910052 0.026289682539682536 0.03207671957671958
0 0.582093253968254 0.6078042328042328 0.01488095238095238 0.04365079365079365
0 0.558407738095238 0.6398809523809523 0.012648809523809524 0.03505291005291005
0 0.5715525793650793 0.6359126984126984 0.0091765873015873 0.03306878306878307
0 0.5886656746031745 0.6572420634920635 0.031001984126984124 0.022817460317460316
0 0.6143353174603174 0.6772486772486772 0.017857142857142856 0.036375661375661374
0 0.5122767857142857 0.47536375661375657 0.03298611111111111 0.022817460317460316
0 0.5171130952380952 0.45800264550264547 0.0367063492063492 0.02447089947089947
0 0.5539434523809523 0.41881613756613756 0.028521825396825396 0.034060846560846555
0 0.5606398809523809 0.4485780423280423 0.0339781746031746 0.018187830687830687
0 0.5710565476190476 0.49537037037037035 0.03050595238095238 0.026455026455026454
0 0.5835813492063492 0.47619047619047616 0.0248015873015873 0.03306878306878307
0 0.6179315476190476 0.4527116402116402 0.03249007936507936 0.027116402116402115
0 0.6961805555555555 0.32953042328042326 0.015376984126984126 0.04728835978835978
0 0.6910962301587301 0.275297619047619 0.026041666666666664 0.040013227513227514
0 0.779265873015873 0.23958333333333331 0.03720238095238095 0.0333994708994709
0 0.7289186507936507 0.5659722222222222 0.0248015873015873 0.03207671957671958
0 0.6708829365079365 0.5484457671957672 0.012896825396825396 0.048611111111111105
0 0.665798611111111 0.517526455026455 0.04637896825396825 0.026455026455026454
0 0.7057291666666666 0.5868055555555555 0.02306547619047619 0.034722222222222224
0 0.4792906746031746 0.24437830687830686 0.017609126984126984 0.022486772486772486
0 0.46564980158730157 0.30092592592592593 0.037450396825396824 0.027777777777777776
