0 0.06262400793650794 0.05109126984126984 0.027529761904761904 0.0333994708994709
0 0.1695188492063492 0.2744708994708995 0.02802579365079365 0.03571428571428571
0 0.10007440476190475 0.19990079365079363 0.01810515873015873 0.02943121693121693
0 0.21614583333333331 0.09854497354497355 0.016121031746031744 0.03968253968253968
0 0.25062003968253965 0.3171296296296296 0.022569444444444444 0.03439153439153439
0 0.33916170634920634 0.20601851851851852 0.02554563492063492 0.02447089947089947
0 0.35280257936507936 0.2585978835978836 0.026537698412698412 0.03439153439153439
0 0.36160714285714285 0.32705026455026454 0.030753968253968252 0.02513227513227513
0 0.2942708333333333 0.35664682539682535 0.02306547619047619 0.03009259259259259
0 0.3411458333333333 0.37136243386243384 0.023561507936507936 0.0205026455026455
0 0.15575396825396826 0.39632936507936506 0.022817460317460316 0.03009259259259259
0 0.4208829365079365 0.3778108465608465 0.02827380952380952 0.02017195767195767
0 0.371031746031746 0.373015873015873 0.028769841269841268 0.01455026455026455
0 0.30629960317460314 0.4699074074074074 0.025297619047619048 0.027116402116402115
0 0.2863343253968254 0.5443121693121693 0.014632936507936508 0.04497354497354497
0 0.3247767857142857 0.5710978835978836 0.027033730158730156 0.02513227513227513
0 0.18390376984126983 0.5443121693121693 0.022569444444444444 0.03306878306878307
0 0.1636904761904762 0.597387566137566 0.012896825396825396 0.038029100529100524
0 0.06708829365079365 0.5304232804232804 0.02901785714285714 0.018518518518518517
0 0.019221230158730156 0.5906084656084656 0.029513888888888888 0.021164021164021163
0 0.02120535714285714 0.6994047619047619 0.024553571428571428 0.03439153439153439
0 0.08556547619047619 0.7759589947089947 0.027777777777777776 0.028769841269841268
0 0.05865575396825397 0.8303571428571428 0.01909722222222222 0.03505291005291005
0 0.08668154761904762 0.8030753968253967 0.013144841269841268 0.02943121693121693
0 0.1042906746031746 0.7994378306878307 0.026041666666666664 0.020833333333333332
0 0.21850198412698413 0.8058862433862434 0.013392857142857142 0.037037037037037035
0 0.2249503968253968 0.7822420634920635 0.018849206349206348 0.039351851851851846
0 0.21044146825396826 0.7131283068783069 0.013144841269841268 0.04728835978835978
0 0.3508184523809524 0.7571097883597884 0.024553571428571428 0.03141534391534391
0 0.3714037698412698 0.8325066137566137 0.02901785714285714 0.018187830687830687
0 0.3993055555555555 0.956845238095238 0.023313492063492064 0.03009259259259259
0 0.455109126984127 0.8478835978835978 0.02827380952380952 0.01984126984126984
0 0.503720238095238 0.7471891534391534 0.017361111111111112 0.03869047619047619
0 0.5822172619047619 0.7718253968253967 0.016617063492063492 0.05291005291005291
0 0.5269097222222222 0.6109457671957672 0.027529761904761904 0.036044973544973546
0 0.5612599206349206 0.6074735449735449 0.03125 0.0291005291005291
0 0.5220734126984127 0.6597222222222222 0.03273809523809523 0.027777777777777776
0 0.5689484126984127 0.644510582010582 0.030257936507936505 0.02976190476190476
0 0.6282242063492063 0.6241732804232804 0.022817460317460316 0.038029100529100524
0 0.6138392857142857 0.6471560846560847 0.014384920634920634 0.037037037037037035
0 0.618923611111111 0.6926256613756613 0.023561507936507936 0.043320105820105814
0 0.5419146825396826 0.6846891534391534 0.03125 0.015542328042328041
0 0.5482390873015873 0.6999007936507936 0.028521825396825396 0.020833333333333332
0 0.5670882936507936 0.6934523809523809 0.01810515873015873 0.04034391534391534
0 0.5864335317460317 0.720568783068783 0.030009920634920632 0.0205026455026455
0 0.6638144841269841 0.6597222222222222 0.018601190476190476 0.031746031746031744
0 0.6622023809523809 0.679563492063492 0.040178571428571425 0.027777777777777776
0 0.4506448412698412 0.5289351851851851 0.023809523809523808 0.05125661375661375
0 0.546875 0.47635582010582006 0.023313492063492064 0.0333994708994709
0 0.5689484126984127 0.4619708994708994 0.020833333333333332 0.03042328042328042
0 0.5484871031746031 0.49900793650793646 0.035962301587301584 0.0205026455026455
0 0.5868055555555555 0.49007936507936506 0.027777777777777776 0.01917989417989418
0 0.6165674603174602 0.49454365079365076 0.028769841269841268 0.028108465608465607
0 0.6478174603174602 0.5089285714285714 0.028769841269841268 0.041005291005291
0 0.5962301587301587 0.5295965608465608 0.034722222222222224 0.01951058201058201
0 0.6090029761904762 0.5201719576719577 0.02901785714285714 0.0205026455026455
0 0.6713789682539683 0.2683531746031746 0.023809523809523808 0.03869047619047619
0 0.7008928571428571 0.3187830687830688 0.01984126984126984 0.047619047619047616
0 0.7999751984126984 0.2665343915343915 0.01909722222222222 0.04365079365079365
0 0.9852430555555555 0.1800595238095238 0.02901785714285714 0.02546296296296296
0 0.8332093253968254 0.6797288359788359 0.037450396825396824 0.027447089947089946
0 0.7134176587301587 0.9864417989417988 0.034970238095238096 0.026455026455026454
