0 0.2569444444444444 0.5504298941798942 0.023313492063492064 0.034722222222222224
0 0.19593253968253968 0.5529100529100529 0.0183531746031746 0.04298941798941799
0 0.208953373015873 0.5004960317460317 0.03298611111111111 0.02414021164021164
0 0.23933531746031744 0.4690806878306878 0.019345238095238096 0.034060846560846555
0 0.2977430555555555 0.5729166666666666 0.02405753968253968 0.03273809523809523
0 0.3117559523809524 0.6021825396825397 0.01984126984126984 0.031746031746031744
0 0.23499503968253968 0.7542989417989417 0.027529761904761904 0.032407407407407406
0 0.3795882936507936 0.7015542328042328 0.02405753968253968 0.022156084656084655
0 0.42509920634920634 0.8091931216931216 0.023313492063492064 0.04298941798941799
0 0.3360615079365079 0.8621031746031745 0.023809523809523808 0.031746031746031744
0 0.37189980158730157 0.8743386243386243 0.03050595238095238 0.0205026455026455
0 0.42447916666666663 0.9176587301587301 0.023561507936507936 0.041005291005291
0 0.4939236111111111 0.8804563492063492 0.034970238095238096 0.01488095238095238
0 0.5085565476190476 0.9799933862433862 0.021577380952380952 0.034060846560846555
0 0.4838789682539682 0.9302248677248677 0.033234126984126984 0.03306878306878307
0 0.24739583333333331 0.9680886243386243 0.03993055555555555 0.03009259259259259
0 0.06770833333333333 0.9591600529100529 0.01984126984126984 0.03538359788359788
0 0.683655753968254 0.8328373015873015 0.018601190476190476 0.04728835978835978
0 0.6409970238095237 0.8596230158730158 0.02405753968253968 0.04596560846560846
0 0.640625 0.8055555555555555 0.03422619047619047 0.023809523809523808
0 0.6566220238095237 0.8285383597883598 0.026537698412698412 0.02414021164021164
0 0.6214037698412698 0.7012235449735449 0.023561507936507936 0.04067460317460317
0 0.6726190476190476 0.5846560846560847 0.0248015873015873 0.056216931216931214
0 0.6222718253968254 0.3733465608465608 0.03968253968253968 0.03306878306878307
0 0.4423363095238095 0.5259589947089947 0.022569444444444444 0.04464285714285714
0 0.48251488095238093 0.5365410052910052 0.02405753968253968 0.038029100529100524
0 0.5659722222222222 0.5003306878306878 0.03224206349206349 0.037037037037037035
0 0.49032738095238093 0.5013227513227513 0.012896825396825396 0.037698412698412696
0 0.5060763888888888 0.5006613756613756 0.015625 0.042328042328042326
