0 0.2109375 0.4923941798941799 0.031994047619047616 0.03439153439153439
0 0.1980406746031746 0.5567129629629629 0.021577380952380952 0.04265873015873016
0 0.17125496031746032 0.6071428571428571 0.03249007936507936 0.037037037037037035
0 0.25471230158730157 0.548611111111111 0.02132936507936508 0.03306878306878307
0 0.24541170634920634 0.48032407407407407 0.025049603174603172 0.0367063492063492
0 0.2880704365079365 0.5608465608465608 0.022569444444444444 0.023809523809523808
0 0.140625 0.7405753968253967 0.029265873015873016 0.026124338624338623
0 0.24231150793650794 0.7418981481481481 0.03373015873015873 0.021494708994708994
0 0.4362599206349206 0.5087632275132274 0.019345238095238096 0.034060846560846555
0 0.4630456349206349 0.5365410052910052 0.02232142857142857 0.04199735449735449
0 0.47643849206349204 0.5314153439153438 0.027777777777777776 0.036375661375661374
0 0.49032738095238093 0.5049603174603174 0.01488095238095238 0.025793650793650792
0 0.4956597222222222 0.4796626984126984 0.01066468253968254 0.03009259259259259
0 0.6388888888888888 0.33035714285714285 0.023809523809523808 0.031084656084656083
0 0.675719246031746 0.6147486772486772 0.027033730158730156 0.05092592592592592
0 0.613219246031746 0.6884920634920635 0.026041666666666664 0.046296296296296294
0 0.6344246031746031 0.8401124338624338 0.019345238095238096 0.043320105820105814
0 0.6413690476190476 0.8085317460317459 0.03273809523809523 0.01984126984126984
0 0.6826636904761905 0.8116732804232804 0.021081349206349204 0.04464285714285714
0 0.6626984126984127 0.8239087301587301 0.023313492063492064 0.026124338624338623
0 0.7185019841269841 0.9379960317460317 0.029265873015873016 0.02943121693121693
0 0.48908730158730157 0.8771494708994708 0.03273809523809523 0.016203703703703703
0 0.5013640873015873 0.9780092592592592 0.034970238095238096 0.03538359788359788
0 0.4878472222222222 0.9156746031746031 0.020337301587301584 0.03306878306878307
0 0.41840277777777773 0.8315145502645502 0.015376984126984126 0.04133597883597884
0 0.40476190476190477 0.8287037037037036 0.011904761904761904 0.03835978835978836
0 0.41455853174603174 0.9032738095238094 0.028521825396825396 0.04464285714285714
0 0.369047619047619 0.8697089947089947 0.03125 0.027116402116402115
0 0.3900049603174603 0.8215939153439153 0.026041666666666664 0.026124338624338623
0 0.06448412698412698 0.9477513227513227 0.020337301587301584 0.037037037037037035
