0 0.90625 0.7283399470899471 0.03373015873015873 0.04662698412698413
0 0.8334573412698413 0.6825396825396826 0.0404265873015873 0.0291005291005291
0 0.7911706349206349 0.7129629629629629 0.04513888888888889 0.027116402116402115
0 0.6082589285714285 0.6947751322751322 0.03050595238095238 0.04894179894179894
0 0.5435267857142857 0.6974206349206349 0.022569444444444444 0.04894179894179894
0 0.5749007936507936 0.7324735449735449 0.027281746031746032 0.041666666666666664
0 0.689236111111111 0.744047619047619 0.043154761904761904 0.021825396825396824
0 0.728546626984127 0.6949404761904762 0.02058531746031746 0.04133597883597884
0 0.3784722222222222 0.6468253968253967 0.030257936507936505 0.015873015873015872
0 0.3845486111111111 0.6577380952380952 0.03149801587301587 0.022486772486772486
