0 0.6221478174603174 0.5459656084656085 0.01810515873015873 0.04497354497354497
0 0.5677083333333333 0.5099206349206349 0.020833333333333332 0.025793650793650792
0 0.5901537698412698 0.5600198412698413 0.018601190476190476 0.03869047619047619
0 0.5719246031746031 0.5517526455026455 0.02232142857142857 0.038029100529100524
0 0.5469990079365079 0.5534060846560847 0.03546626984126984 0.016865079365079364
0 0.5549355158730158 0.5763888888888888 0.01413690476190476 0.04298941798941799
0 0.5765128968253967 0.6006944444444444 0.015128968253968252 0.04199735449735449
0 0.5907738095238095 0.6102843915343915 0.017361111111111112 0.04464285714285714
0 0.5824652777777778 0.6369047619047619 0.013640873015873016 0.037698412698412696
0 0.5931299603174602 0.6593915343915343 0.017609126984126984 0.04431216931216931
0 0.6042906746031745 0.6977513227513227 0.017609126984126984 0.047619047619047616
0 0.5880456349206349 0.7387566137566137 0.022817460317460316 0.03835978835978836
0 0.6004464285714285 0.7490079365079365 0.02976190476190476 0.02976190476190476
0 0.5503472222222222 0.673611111111111 0.03373015873015873 0.02513227513227513
0 0.564484126984127 0.6840277777777778 0.023313492063492064 0.01951058201058201
0 0.5457589285714285 0.7023809523809523 0.01909722222222222 0.031746031746031744
0 0.5731646825396826 0.7491732804232804 0.016369047619047616 0.0367063492063492
0 0.5562996031746031 0.7604166666666666 0.024305555555555552 0.03141534391534391
0 0.7912946428571428 0.445271164021164 0.01810515873015873 0.027447089947089946
