0 0.921750992063492 0.5163690476190476 0.03149801587301587 0.02414021164021164
0 0.7992311507936507 0.6370701058201058 0.05084325396825397 0.03207671957671958
0 0.6804315476190476 0.6570767195767195 0.03794642857142857 0.02513227513227513
0 0.7140376984126984 0.6750992063492063 0.026785714285714284 0.034060846560846555
0 0.6768353174603174 0.5610119047619048 0.024305555555555552 0.04067460317460317
0 0.6274801587301587 0.6488095238095237 0.04067460317460317 0.02447089947089947
0 0.5736607142857143 0.6499669312169312 0.02232142857142857 0.04662698412698413
0 0.5721726190476191 0.7098214285714285 0.03869047619047619 0.02546296296296296
0 0.5229414682539683 0.6830357142857143 0.022569444444444444 0.0333994708994709
0 0.5096726190476191 0.4634589947089947 0.03968253968253968 0.034722222222222224
0 0.5808531746031745 0.4670965608465608 0.03125 0.03009259259259259
0 0.4133184523809524 0.6157407407407407 0.019593253968253968 0.02976190476190476
