0 0.9445684523809523 0.37119708994708994 0.03050595238095238 0.028769841269841268
0 0.882688492063492 0.38425925925925924 0.015376984126984126 0.032407407407407406
0 0.8949652777777777 0.392526455026455 0.01413690476190476 0.03505291005291005
0 0.90625 0.3776455026455026 0.015376984126984126 0.03042328042328042
0 0.6357886904761905 0.3751653439153439 0.03844246031746031 0.02017195767195767
0 0.5124007936507936 0.4219576719576719 0.0183531746031746 0.018518518518518517
0 0.5128968253968254 0.4029431216931217 0.030753968253968252 0.02017195767195767
0 0.4925595238095238 0.42972883597883593 0.015873015873015872 0.018187830687830687
0 0.5137648809523809 0.45453042328042326 0.011160714285714284 0.034722222222222224
0 0.46143353174603174 0.3688822751322751 0.022569444444444444 0.02546296296296296
0 0.4794146825396825 0.36193783068783064 0.025793650793650792 0.01488095238095238
0 0.48598710317460314 0.27215608465608465 0.020089285714285712 0.03373015873015873
0 0.32688492063492064 0.337797619047619 0.027281746031746032 0.016203703703703703
0 0.7150297619047619 0.2361111111111111 0.026785714285714284 0.027777777777777776
