0 0.9149305555555555 0.632771164021164 0.02976190476190476 0.03869047619047619
0 0.9043898809523809 0.5338955026455026 0.027529761904761904 0.034722222222222224
0 0.9407242063492063 0.5739087301587301 0.017361111111111112 0.02414021164021164
0 0.949280753968254 0.5355489417989417 0.030009920634920632 0.021494708994708994
0 0.9609375 0.5198412698412698 0.03149801587301587 0.016534391534391533
0 0.9835069444444444 0.5504298941798942 0.03149801587301587 0.03273809523809523
0 0.816468253968254 0.5046296296296297 0.022817460317460316 0.0291005291005291
0 0.7300347222222222 0.4851190476190476 0.04241071428571428 0.026455026455026454
0 0.6712549603174602 0.4904100529100529 0.023561507936507936 0.027116402116402115
0 0.6712549603174602 0.46246693121693117 0.030009920634920632 0.018849206349206348
0 0.6653025793650793 0.41451719576719576 0.016617063492063492 0.034060846560846555
0 0.7043650793650793 0.4437830687830688 0.025793650793650792 0.026455026455026454
0 0.5574156746031745 0.49718915343915343 0.02802579365079365 0.04199735449735449
0 0.5951140873015872 0.5023148148148148 0.021577380952380952 0.03042328042328042
0 0.6039186507936508 0.4442791005291005 0.025793650793650792 0.023478835978835978
0 0.4195188492063492 0.535218253968254 0.03249007936507936 0.020833333333333332
0 0.4474206349206349 0.5148809523809523 0.027281746031746032 0.01455026455026455
