0 0.49541170634920634 0.12764550264550265 0.013640873015873016 0.03439153439153439
0 0.5157490079365079 0.11243386243386243 0.017609126984126984 0.02447089947089947
0 0.5081845238095238 0.12913359788359788 0.010416666666666666 0.027447089947089946
0 0.4773065476190476 0.2405753968253968 0.021577380952380952 0.030753968253968252
0 0.45436507936507936 0.23346560846560846 0.017857142857142856 0.028439153439153438
0 0.4219990079365079 0.27546296296296297 0.016121031746031744 0.037037037037037035
0 0.45262896825396826 0.26240079365079366 0.017857142857142856 0.0367063492063492
0 0.5270337301587301 0.31117724867724866 0.030753968253968252 0.023148148148148147
0 0.5625 0.3667328042328042 0.015873015873015872 0.03373015873015873
0 0.5405505952380952 0.4029431216931217 0.020089285714285712 0.043320105820105814
0 0.6034226190476191 0.4098875661375661 0.021825396825396824 0.03736772486772487
0 0.6711309523809523 0.42857142857142855 0.03273809523809523 0.021825396825396824
0 0.5096726190476191 0.4613095238095238 0.023809523809523808 0.03571428571428571
0 0.535094246031746 0.45866402116402116 0.02554563492063492 0.01917989417989418
0 0.5241815476190476 0.48908730158730157 0.021577380952380952 0.027777777777777776
0 0.5381944444444444 0.484292328042328 0.016865079365079364 0.02414021164021164
0 0.5359623015873015 0.5633267195767195 0.0248015873015873 0.028108465608465607
0 0.5354662698412698 0.6767526455026455 0.020337301587301584 0.03736772486772487
0 0.5338541666666666 0.7645502645502645 0.026537698412698412 0.032407407407407406
0 0.4585813492063492 0.5558862433862434 0.030257936507936505 0.02513227513227513
0 0.4463045634920635 0.47734788359788355 0.021577380952380952 0.0333994708994709
0 0.6190476190476191 0.9756944444444444 0.030753968253968252 0.02414021164021164
