0 0.9750744047619047 0.7114748677248677 0.033482142857142856 0.054563492063492064
0 0.5483630952380952 0.36855158730158727 0.03571428571428571 0.023478835978835978
0 0.570188492063492 0.39467592592592593 0.023809523809523808 0.023478835978835978
0 0.5580357142857143 0.41980820105820105 0.025297619047619048 0.0248015873015873
0 0.5477430555555556 0.5517526455026455 0.021081349206349204 0.03736772486772487
0 0.5843253968253967 0.5572089947089947 0.028769841269841268 0.023148148148148147
0 0.6356646825396826 0.5816798941798942 0.027281746031746032 0.03042328042328042
0 0.47023809523809523 0.6302910052910052 0.0248015873015873 0.041005291005291
0 0.44146825396825395 0.6187169312169312 0.022817460317460316 0.0291005291005291
0 0.4079861111111111 0.5891203703703703 0.031746031746031744 0.021494708994708994
0 0.40066964285714285 0.4626322751322751 0.02802579365079365 0.03042328042328042
0 0.37450396825396826 0.46924603174603174 0.022817460317460316 0.03042328042328042
0 0.36855158730158727 0.49718915343915343 0.03373015873015873 0.02017195767195767
0 0.33320932539682535 0.4889219576719576 0.03695436507936508 0.02943121693121693
0 0.23425099206349206 0.7020502645502645 0.033482142857142856 0.0291005291005291
