0 0.7181299603174602 0.5362103174603174 0.04637896825396825 0.030753968253968252
0 0.763640873015873 0.30274470899470896 0.0367063492063492 0.027447089947089946
0 0.7038690476190476 0.3306878306878307 0.030753968253968252 0.023148148148148147
0 0.7123015873015872 0.2919973544973545 0.02827380952380952 0.025793650793650792
0 0.6527777777777778 0.31746031746031744 0.04117063492063492 0.025793650793650792
0 0.59375 0.373015873015873 0.03273809523809523 0.046296296296296294
0 0.640625 0.5355489417989417 0.02232142857142857 0.03207671957671958
0 0.5751488095238095 0.5548941798941799 0.027777777777777776 0.04894179894179894
0 0.6320684523809523 0.5795304232804233 0.013640873015873016 0.0248015873015873
0 0.6474454365079365 0.5588624338624338 0.024553571428571428 0.011243386243386243
0 0.4977678571428571 0.31663359788359785 0.041666666666666664 0.021494708994708994
