0 0.8974454365079365 0.675595238095238 0.030009920634920632 0.01455026455026455
0 0.9243551587301587 0.677744708994709 0.028769841269841268 0.02017195767195767
0 0.9835069444444444 0.722387566137566 0.022569444444444444 0.01951058201058201
0 0.9161706349206349 0.693287037037037 0.013888888888888888 0.0248015873015873
0 0.9755704365079364 0.7483465608465608 0.021081349206349204 0.011904761904761904
0 0.9057539682539683 0.3463955026455026 0.026785714285714284 0.022156084656084655
0 0.6820436507936507 0.5408399470899471 0.031746031746031744 0.026785714285714284
0 0.5730406746031745 0.546792328042328 0.02058531746031746 0.022817460317460316
0 0.603298611111111 0.4925595238095238 0.018601190476190476 0.03009259259259259
0 0.6362847222222222 0.4821428571428571 0.02901785714285714 0.027116402116402115
0 0.6958085317460317 0.26455026455026454 0.030009920634920632 0.023148148148148147
0 0.5226934523809523 0.4384920634920635 0.01909722222222222 0.01984126984126984
0 0.4753224206349206 0.4184854497354497 0.017113095238095236 0.010912698412698412
0 0.5405505952380952 0.44510582010582006 0.015128968253968252 0.018518518518518517
0 0.562375992063492 0.4571759259259259 0.013640873015873016 0.020833333333333332
0 0.589781746031746 0.4621362433862434 0.016369047619047616 0.026785714285714284
0 0.6118551587301587 0.45899470899470896 0.020337301587301584 0.015873015873015872
0 0.48933531746031744 0.43105158730158727 0.02232142857142857 0.010912698412698412
0 0.4929315476190476 0.41782407407407407 0.020089285714285712 0.011574074074074073
0 0.3758680555555555 0.3667328042328042 0.022073412698412696 0.02976190476190476
0 0.3173363095238095 0.3837632275132275 0.015128968253968252 0.028769841269841268
0 0.35416666666666663 0.21742724867724866 0.015873015873015872 0.02017195767195767
0 0.3128720238095238 0.19345238095238093 0.01810515873015873 0.017195767195767195
