0 0.5395585317460317 0.2700066137566137 0.018601190476190476 0.03869047619047619
0 0.5649801587301587 0.2997685185185185 0.0183531746031746 0.040013227513227514
0 0.5531994047619048 0.3005952380952381 0.018601190476190476 0.03571428571428571
0 0.5567956349206349 0.33151455026455023 0.026289682539682536 0.016203703703703703
0 0.4970238095238095 0.4482473544973545 0.028769841269841268 0.028108465608465607
0 0.46428571428571425 0.4793320105820106 0.015376984126984126 0.034722222222222224
0 0.4830109126984127 0.4837962962962963 0.02306547619047619 0.03373015873015873
0 0.4461805555555555 0.4054232804232804 0.020833333333333332 0.03902116402116402
0 0.5804811507936508 0.554563492063492 0.02306547619047619 0.03968253968253968
0 0.5871775793650793 0.6031746031746031 0.027033730158730156 0.04365079365079365
0 0.6143353174603174 0.5740740740740741 0.0248015873015873 0.025793650793650792
0 0.5992063492063492 0.5719246031746031 0.011408730158730158 0.03273809523809523
0 0.6831597222222222 0.69130291005291 0.03050595238095238 0.02414021164021164
0 0.6082589285714285 0.6860119047619048 0.015128968253968252 0.0367063492063492
0 0.6050347222222222 0.7285052910052909 0.01413690476190476 0.03902116402116402
0 0.5871775793650793 0.7294973544973544 0.01909722222222222 0.03835978835978836
0 0.5824652777777778 0.7915013227513227 0.03249007936507936 0.02943121693121693
0 0.5128968253968254 0.7804232804232804 0.027777777777777776 0.03306878306878307
0 0.689360119047619 0.7711640211640212 0.03794642857142857 0.02513227513227513
0 0.620907738095238 0.8199404761904762 0.022073412698412696 0.04927248677248677
0 0.49801587301587297 0.8295304232804233 0.03422619047619047 0.022817460317460316
0 0.5636160714285714 0.8758267195767195 0.0339781746031746 0.023478835978835978
