0 0.8835565476190476 0.5421626984126984 0.04935515873015873 0.026124338624338623
0 0.6868799603174602 0.5047949735449735 0.03298611111111111 0.04133597883597884
0 0.5783730158730158 0.5443121693121693 0.029265873015873016 0.031746031746031744
0 0.5771329365079365 0.5894510582010581 0.021825396825396824 0.0367063492063492
0 0.6382688492063492 0.48478835978835977 0.031994047619047616 0.021164021164021163
0 0.6062748015873015 0.4808201058201058 0.021081349206349204 0.036375661375661374
0 0.5766369047619048 0.2918320105820106 0.025793650793650792 0.036044973544973546
0 0.6243799603174602 0.29745370370370366 0.01810515873015873 0.03141534391534391
0 0.644345238095238 0.3126653439153439 0.024305555555555552 0.01488095238095238
0 0.43898809523809523 0.3915343915343915 0.026289682539682536 0.01917989417989418
0 0.38070436507936506 0.38773148148148145 0.030257936507936505 0.023478835978835978
0 0.40625 0.40162037037037035 0.025297619047619048 0.022817460317460316
0 0.39050099206349204 0.4247685185185185 0.01413690476190476 0.03141534391534391
0 0.3781001984126984 0.4307208994708994 0.02058531746031746 0.036044973544973546
0 0.3351934523809524 0.41286375661375657 0.031001984126984124 0.02414021164021164
