0 0.603546626984127 0.705026455026455 0.010168650793650792 0.017857142857142856
0 0.6060267857142857 0.6917989417989417 0.02058531746031746 0.018518518518518517
0 0.572296626984127 0.48462301587301587 0.009672619047619048 0.027447089947089946
0 0.5461309523809523 0.537037037037037 0.010416666666666666 0.03968253968253968
0 0.564236111111111 0.5284391534391534 0.026785714285714284 0.017195767195767195
0 0.564236111111111 0.5611772486772486 0.022817460317460316 0.03042328042328042
0 0.5472470238095237 0.5848214285714285 0.016617063492063492 0.028108465608465607
0 0.5660962301587301 0.597718253968254 0.01810515873015873 0.036044973544973546
0 0.5787450396825397 0.6119378306878307 0.015625 0.04199735449735449
0 0.578000992063492 0.662037037037037 0.01810515873015873 0.03505291005291005
