0 0.8978174603174602 0.5376984126984127 0.03422619047619047 0.017195767195767195
0 0.865079365079365 0.5340608465608465 0.027777777777777776 0.021164021164021163
0 0.7688492063492063 0.5719246031746031 0.026289682539682536 0.028108465608465607
0 0.8015873015873015 0.4758597883597883 0.025297619047619048 0.017195767195767195
0 0.8250248015873015 0.4932208994708994 0.025049603174603172 0.02546296296296296
0 0.8668154761904762 0.601521164021164 0.027777777777777776 0.02976190476190476
0 0.5646081349206349 0.42013888888888884 0.014632936507936508 0.04464285714285714
0 0.5388144841269841 0.425760582010582 0.017609126984126984 0.039351851851851846
0 0.5869295634920635 0.4551917989417989 0.029513888888888888 0.018187830687830687
0 0.574280753968254 0.4699074074074074 0.021577380952380952 0.0205026455026455
0 0.5964781746031745 0.47189153439153436 0.02827380952380952 0.017857142857142856
0 0.5567956349206349 0.4690806878306878 0.019345238095238096 0.03207671957671958
0 0.501984126984127 0.48660714285714285 0.02132936507936508 0.034722222222222224
0 0.5007440476190476 0.455026455026455 0.016369047619047616 0.027116402116402115
0 0.46490575396825395 0.42972883597883593 0.02405753968253968 0.023478835978835978
0 0.42695932539682535 0.42592592592592593 0.034474206349206345 0.023809523809523808
0 0.4453125 0.4968584656084656 0.033482142857142856 0.02017195767195767
0 0.4108382936507936 0.5147156084656085 0.023561507936507936 0.02546296296296296
0 0.44184027777777773 0.5360449735449735 0.023561507936507936 0.025793650793650792
