0 0.7992311507936507 0.6312830687830687 0.03546626984126984 0.021825396825396824
0 0.765625 0.6458333333333333 0.0248015873015873 0.02447089947089947
0 0.7408234126984127 0.6527777777777778 0.025793650793650792 0.022486772486772486
0 0.7642609126984127 0.6741071428571428 0.014632936507936508 0.04067460317460317
0 0.828125 0.7124669312169312 0.012896825396825396 0.030753968253968252
0 0.9046378968253967 0.6922949735449735 0.017609126984126984 0.03009259259259259
0 0.8902529761904762 0.6833664021164021 0.016617063492063492 0.026785714285714284
0 0.8702876984126984 0.6779100529100529 0.022817460317460316 0.025793650793650792
0 0.589781746031746 0.580026455026455 0.030753968253968252 0.022486772486772486
0 0.5243055555555556 0.5628306878306878 0.023313492063492064 0.023809523809523808
0 0.4378720238095238 0.5904431216931216 0.019593253968253968 0.022156084656084655
0 0.45746527777777773 0.5491071428571428 0.016617063492063492 0.028108465608465607
0 0.48933531746031744 0.5198412698412698 0.023313492063492064 0.02447089947089947
0 0.4255952380952381 0.501984126984127 0.021825396825396824 0.017857142857142856
0 0.42237103174603174 0.5127314814814814 0.019345238095238096 0.01488095238095238
0 0.46354166666666663 0.5042989417989417 0.013392857142857142 0.022486772486772486
0 0.3394097222222222 0.4852843915343915 0.017609126984126984 0.015542328042328041
0 0.29985119047619047 0.4809854497354497 0.017857142857142856 0.016865079365079364
0 0.27232142857142855 0.46395502645502645 0.018849206349206348 0.017195767195767195
0 0.253844246031746 0.47172619047619047 0.02901785714285714 0.02943121693121693
0 0.2136656746031746 0.478505291005291 0.021577380952380952 0.01917989417989418
0 0.23325892857142855 0.4679232804232804 0.012648809523809524 0.03505291005291005
0 0.20374503968253968 0.4399801587301587 0.02306547619047619 0.021494708994708994
0 0.21937003968253968 0.41352513227513227 0.029513888888888888 0.030753968253968252
0 0.22073412698412698 0.44593253968253965 0.011904761904761904 0.03141534391534391
0 0.2398313492063492 0.6689814814814814 0.011408730158730158 0.021825396825396824
