0 0.7929067460317459 0.7066798941798942 0.028769841269841268 0.028439153439153438
0 0.6243799603174602 0.7190806878306878 0.024553571428571428 0.028108465608465607
0 0.634548611111111 0.7347883597883598 0.026537698412698412 0.018518518518518517
0 0.7025049603174602 0.6446759259259259 0.023561507936507936 0.021494708994708994
0 0.6949404761904762 0.652281746031746 0.026785714285714284 0.017526455026455025
0 0.8148561507936507 0.6134259259259259 0.02802579365079365 0.017857142857142856
0 0.8134920634920635 0.6274801587301587 0.03224206349206349 0.015542328042328041
0 0.5240575396825397 0.5846560846560847 0.022817460317460316 0.026455026455026454
0 0.49367559523809523 0.5573743386243386 0.02058531746031746 0.03207671957671958
0 0.5560515873015873 0.48908730158730157 0.027281746031746032 0.023148148148148147
0 0.47470238095238093 0.5340608465608465 0.026289682539682536 0.021825396825396824
0 0.4651537698412698 0.5481150793650793 0.02405753968253968 0.018849206349206348
0 0.4375 0.53505291005291 0.021825396825396824 0.02447089947089947
0 0.37053571428571425 0.515542328042328 0.025793650793650792 0.018518518518518517
0 0.4011656746031746 0.4575066137566137 0.02901785714285714 0.016203703703703703
0 0.41840277777777773 0.4839616402116402 0.023809523809523808 0.0248015873015873
0 0.40252976190476186 0.5297619047619048 0.02232142857142857 0.031746031746031744
0 0.40575396825396826 0.4125330687830688 0.026785714285714284 0.02414021164021164
0 0.46688988095238093 0.3010912698412698 0.022569444444444444 0.023478835978835978
0 0.3505704365079365 0.3546626984126984 0.017113095238095236 0.027447089947089946
0 0.28422619047619047 0.4264219576719577 0.03273809523809523 0.026785714285714284
0 0.28286210317460314 0.5388558201058201 0.02802579365079365 0.02017195767195767
0 0.1532738095238095 0.3880621693121693 0.028769841269841268 0.017526455026455025
