0 0.06374007936507936 0.041005291005291 0.029265873015873016 0.01984126984126984
0 0.13058035714285712 0.05952380952380952 0.016121031746031744 0.013227513227513227
0 0.16431051587301587 0.08283730158730158 0.02306547619047619 0.027447089947089946
0 0.12611607142857142 0.18716931216931215 0.03993055555555555 0.021825396825396824
0 0.03224206349206349 0.1259920634920635 0.028769841269841268 0.027116402116402115
0 0.14322916666666666 0.2622354497354497 0.01909722222222222 0.03571428571428571
0 0.25558035714285715 0.31911375661375657 0.02554563492063492 0.05092592592592592
0 0.3132440476190476 0.31299603174603174 0.019345238095238096 0.030753968253968252
0 0.30456349206349204 0.41038359788359785 0.024305555555555552 0.032407407407407406
0 0.4933035714285714 0.6760912698412698 0.030753968253968252 0.043320105820105814
0 0.4384920634920635 0.687334656084656 0.034722222222222224 0.0333994708994709
0 0.5842013888888888 0.5896164021164021 0.02405753968253968 0.046296296296296294
0 0.4909474206349206 0.7858796296296295 0.018601190476190476 0.048611111111111105
0 0.6748511904761905 0.6448412698412698 0.034722222222222224 0.027777777777777776
0 0.7214781746031745 0.6663359788359788 0.03125 0.03306878306878307
0 0.6907242063492063 0.767361111111111 0.031746031746031744 0.04199735449735449
0 0.7888144841269841 0.833829365079365 0.034474206349206345 0.03207671957671958
0 0.743923611111111 0.8229166666666666 0.02901785714285714 0.02017195767195767
0 0.7137896825396824 0.794808201058201 0.0248015873015873 0.03273809523809523
