0 0.8054315476190476 0.9232804232804233 0.03546626984126984 0.04828042328042328
0 0.8761160714285714 0.8673941798941799 0.017609126984126984 0.05357142857142857
0 0.8973214285714285 0.8839285714285714 0.029265873015873016 0.04365079365079365
0 0.910218253968254 0.8718584656084656 0.028769841269841268 0.028769841269841268
0 0.714781746031746 0.7724867724867724 0.030257936507936505 0.046957671957671955
0 0.6783234126984127 0.5889550264550264 0.022817460317460316 0.06084656084656084
0 0.6223958333333333 0.4538690476190476 0.02802579365079365 0.043320105820105814
0 0.5417906746031745 0.5061177248677249 0.038938492063492064 0.03538359788359788
0 0.4993799603174603 0.5100859788359788 0.034474206349206345 0.02943121693121693
0 0.4484126984126984 0.4376653439153439 0.0367063492063492 0.03207671957671958
0 0.43464781746031744 0.3010912698412698 0.03794642857142857 0.034060846560846555
0 0.36607142857142855 0.3334986772486772 0.03571428571428571 0.048611111111111105
0 0.4437003968253968 0.3463955026455026 0.03819444444444444 0.02943121693121693
0 0.5639880952380952 0.16898148148148148 0.028769841269841268 0.032407407407407406
0 0.33829365079365076 0.12483465608465608 0.030753968253968252 0.05588624338624339
0 0.17311507936507936 0.030919312169312166 0.03968253968253968 0.027447089947089946
0 0.20262896825396826 0.0603505291005291 0.03273809523809523 0.039351851851851846
0 0.11098710317460317 0.03439153439153439 0.019593253968253968 0.05291005291005291
