0 0.5301339285714285 0.36276455026455023 0.019593253968253968 0.032407407407407406
0 0.5638640873015873 0.4133597883597883 0.02554563492063492 0.023809523809523808
0 0.6220238095238095 0.35416666666666663 0.021825396825396824 0.023148148148148147
0 0.48226686507936506 0.5254629629629629 0.024553571428571428 0.02447089947089947
0 0.48846726190476186 0.5496031746031745 0.02058531746031746 0.027777777777777776
0 0.5345982142857143 0.6856812169312169 0.02058531746031746 0.026124338624338623
0 0.5969742063492063 0.6891534391534391 0.0183531746031746 0.025793650793650792
0 0.6030505952380952 0.7055224867724867 0.008680555555555556 0.026124338624338623
0 0.6235119047619048 0.7600859788359788 0.015873015873015872 0.03141534391534391
0 0.6226438492063492 0.7271825396825397 0.017609126984126984 0.023809523809523808
0 0.6395089285714285 0.9436177248677248 0.02306547619047619 0.027447089947089946
0 0.3602430555555555 0.5062830687830687 0.019593253968253968 0.023148148148148147
0 0.36235119047619047 0.5208333333333333 0.022817460317460316 0.015873015873015872
0 0.4314236111111111 0.40343915343915343 0.01413690476190476 0.027116402116402115
