0 0.5721726190476191 0.5322420634920635 0.011408730158730158 0.026785714285714284
0 0.5978422619047619 0.5577050264550264 0.026537698412698412 0.020833333333333332
0 0.5811011904761905 0.5534060846560847 0.011904761904761904 0.040013227513227514
0 0.5502232142857143 0.49470899470899465 0.023561507936507936 0.01455026455026455
0 0.6118551587301587 0.47271825396825395 0.027281746031746032 0.023478835978835978
0 0.5915178571428571 0.4399801587301587 0.013888888888888888 0.038029100529100524
0 0.6094990079365079 0.39649470899470896 0.011656746031746032 0.023148148148148147
0 0.6278521825396826 0.39219576719576715 0.02058531746031746 0.03439153439153439
0 0.6159474206349206 0.3677248677248677 0.013640873015873016 0.036375661375661374
0 0.5997023809523809 0.3057208994708995 0.0183531746031746 0.04265873015873016
0 0.5825892857142857 0.35548941798941797 0.017361111111111112 0.01917989417989418
0 0.6094990079365079 0.45006613756613756 0.02901785714285714 0.015873015873015872
0 0.5969742063492063 0.3447420634920635 0.0248015873015873 0.018187830687830687
0 0.6176835317460317 0.33829365079365076 0.011656746031746032 0.025793650793650792
0 0.5031001984126984 0.12466931216931217 0.022073412698412696 0.041666666666666664
