0 0.9114583333333333 0.4661044973544973 0.031746031746031744 0.03869047619047619
0 0.9437003968253967 0.38095238095238093 0.015376984126984126 0.05026455026455026
0 0.884548611111111 0.3316798941798942 0.026041666666666664 0.05026455026455026
0 0.9122023809523809 0.5166997354497355 0.027777777777777776 0.03869047619047619
0 0.8880208333333333 0.5120701058201058 0.01810515873015873 0.045304232804232805
0 0.855530753968254 0.5775462962962963 0.020089285714285712 0.04993386243386243
0 0.7504960317460317 0.7610780423280423 0.04513888888888889 0.03538359788359788
0 0.7297867063492063 0.6851851851851851 0.03844246031746031 0.031084656084656083
0 0.7724454365079365 0.6884920634920635 0.034474206349206345 0.03571428571428571
0 0.8107638888888888 0.7073412698412698 0.014384920634920634 0.026455026455026454
0 0.6447172619047619 0.681547619047619 0.023561507936507936 0.03902116402116402
0 0.609250992063492 0.6865079365079365 0.018601190476190476 0.047619047619047616
0 0.5762648809523809 0.7035383597883598 0.02405753968253968 0.04728835978835978
0 0.5618799603174602 0.7581018518518519 0.02554563492063492 0.03141534391534391
0 0.5396825396825397 0.6531084656084656 0.017857142857142856 0.041666666666666664
0 0.5111607142857143 0.6539351851851851 0.026289682539682536 0.03538359788359788
0 0.5023561507936508 0.5558862433862434 0.02554563492063492 0.03373015873015873
0 0.540798611111111 0.5347222222222222 0.030009920634920632 0.02513227513227513
0 0.5713045634920635 0.5998677248677249 0.02058531746031746 0.021164021164021163
0 0.5949900793650793 0.5887896825396826 0.025793650793650792 0.03273809523809523
0 0.5612599206349206 0.5790343915343915 0.027281746031746032 0.03968253968253968
0 0.5889136904761905 0.5519179894179894 0.02306547619047619 0.021825396825396824
0 0.5601438492063492 0.5140542328042328 0.026041666666666664 0.028108465608465607
0 0.5270337301587301 0.4775132275132275 0.025297619047619048 0.031746031746031744
0 0.5044642857142857 0.46097883597883593 0.0248015873015873 0.021164021164021163
0 0.5169890873015873 0.4456018518518518 0.026537698412698412 0.028769841269841268
0 0.5090525793650793 0.42245370370370366 0.033482142857142856 0.028108465608465607
0 0.4732142857142857 0.2944775132275132 0.029265873015873016 0.028769841269841268
0 0.48152281746031744 0.2448743386243386 0.04141865079365079 0.027447089947089946
0 0.42584325396825395 0.2865410052910053 0.027281746031746032 0.028108465608465607
0 0.46416170634920634 0.37466931216931215 0.027529761904761904 0.022486772486772486
0 0.5111607142857143 0.37665343915343913 0.031746031746031744 0.031084656084656083
0 0.5347222222222222 0.37218915343915343 0.01488095238095238 0.04265873015873016
0 0.6057787698412698 0.5492724867724867 0.01413690476190476 0.03306878306878307
0 0.6202876984126984 0.5459656084656085 0.013392857142857142 0.026455026455026454
0 0.6104910714285714 0.6471560846560847 0.030009920634920632 0.016534391534391533
0 0.6176835317460317 0.6279761904761905 0.016121031746031744 0.03439153439153439
0 0.638640873015873 0.6372354497354497 0.030753968253968252 0.03306878306878307
0 0.6356646825396826 0.609457671957672 0.026289682539682536 0.018518518518518517
0 0.6300843253968254 0.5911044973544973 0.011160714285714284 0.03009259259259259
0 0.6481894841269841 0.5849867724867724 0.02058531746031746 0.01984126984126984
0 0.5792410714285714 0.5054563492063492 0.01413690476190476 0.03009259259259259
0 0.6030505952380952 0.48908730158730157 0.01909722222222222 0.03439153439153439
0 0.5695684523809523 0.4950396825396825 0.014632936507936508 0.03042328042328042
0 0.5481150793650793 0.46841931216931215 0.016865079365079364 0.026785714285714284
0 0.5531994047619048 0.4322089947089947 0.02554563492063492 0.013227513227513227
0 0.5606398809523809 0.453042328042328 0.013144841269841268 0.031084656084656083
0 0.5472470238095237 0.4108796296296296 0.025049603174603172 0.018849206349206348
0 0.5530753968253967 0.3786375661375661 0.011904761904761904 0.027777777777777776
0 0.5543154761904762 0.3576388888888889 0.019345238095238096 0.01488095238095238
0 0.5729166666666666 0.4032738095238095 0.022817460317460316 0.014219576719576719
0 0.5660962301587301 0.38425925925925924 0.021081349206349204 0.021825396825396824
0 0.5822172619047619 0.37665343915343913 0.014632936507936508 0.018518518518518517
0 0.5737847222222222 0.3450727513227513 0.014632936507936508 0.026785714285714284
0 0.5807291666666666 0.35813492063492064 0.012152777777777776 0.021164021164021163
0 0.607390873015873 0.30439814814814814 0.015376984126984126 0.03538359788359788
0 0.5778769841269841 0.2599206349206349 0.012896825396825396 0.03042328042328042
0 0.5830853174603174 0.2891865079365079 0.00992063492063492 0.030753968253968252
0 0.5522073412698413 0.28521825396825395 0.013144841269841268 0.0248015873015873
0 0.5864335317460317 0.3194444444444444 0.012152777777777776 0.031746031746031744
0 0.5595238095238095 0.34027777777777773 0.015376984126984126 0.023809523809523808
0 0.6370287698412698 0.33035714285714285 0.016617063492063492 0.026455026455026454
0 0.6218998015873015 0.3506944444444444 0.027033730158730156 0.012235449735449735
0 0.6695188492063492 0.2919973544973545 0.011656746031746032 0.027777777777777776
0 0.6636904761904762 0.2425595238095238 0.013392857142857142 0.0367063492063492
0 0.683531746031746 0.35813492063492064 0.01488095238095238 0.037037037037037035
0 0.6661706349206349 0.37037037037037035 0.0248015873015873 0.02513227513227513
0 0.5814732142857143 0.46511243386243384 0.008680555555555556 0.0248015873015873
0 0.5792410714285714 0.48048941798941797 0.013640873015873016 0.021825396825396824
0 0.5680803571428571 0.46924603174603174 0.013144841269841268 0.028439153439153438
0 0.5767609126984127 0.4401455026455026 0.011656746031746032 0.02447089947089947
0 0.6047867063492063 0.43369708994708994 0.0091765873015873 0.018849206349206348
0 0.6216517857142857 0.3614417989417989 0.016617063492063492 0.017857142857142856
0 0.6383928571428571 0.4332010582010582 0.00992063492063492 0.027777777777777776
0 0.6277281746031745 0.48363095238095233 0.015873015873015872 0.0248015873015873
0 0.634548611111111 0.533068783068783 0.017609126984126984 0.023809523809523808
0 0.6810515873015872 0.5482804232804233 0.01488095238095238 0.02976190476190476
0 0.6645585317460317 0.5783730158730158 0.010168650793650792 0.0291005291005291
0 0.7294146825396824 0.5958994708994708 0.022817460317460316 0.03042328042328042
0 0.6488095238095237 0.5595238095238095 0.024305555555555552 0.007275132275132275
0 0.6750992063492063 0.48561507936507936 0.0248015873015873 0.01488095238095238
0 0.6422371031746031 0.5170304232804233 0.017609126984126984 0.01951058201058201
0 0.7260664682539683 0.43121693121693117 0.02405753968253968 0.03042328042328042
0 0.6753472222222222 0.40343915343915343 0.016369047619047616 0.025793650793650792
0 0.7482638888888888 0.39732142857142855 0.017361111111111112 0.04596560846560846
0 0.7394593253968254 0.3072089947089947 0.02554563492063492 0.03505291005291005
0 0.7857142857142857 0.2951388888888889 0.034722222222222224 0.02017195767195767
0 0.7859623015873015 0.38657407407407407 0.017361111111111112 0.05489417989417989
0 0.7894345238095237 0.2579365079365079 0.029265873015873016 0.01917989417989418
0 0.4742063492063492 0.15145502645502645 0.0248015873015873 0.04563492063492063
0 0.5860615079365079 0.10747354497354497 0.031746031746031744 0.04431216931216931
0 0.6809275793650793 0.19014550264550265 0.02306547619047619 0.037698412698412696
