0 0.45362103174603174 0.20320767195767195 0.0248015873015873 0.021494708994708994
0 0.42336309523809523 0.2640542328042328 0.010416666666666666 0.021494708994708994
0 0.43539186507936506 0.33052248677248675 0.017609126984126984 0.015542328042328041
0 0.42509920634920634 0.3030753968253968 0.013392857142857142 0.028769841269841268
0 0.4538690476190476 0.40162037037037035 0.016369047619047616 0.021494708994708994
0 0.4515128968253968 0.4282407407407407 0.019593253968253968 0.018518518518518517
0 0.4593253968253968 0.45568783068783064 0.017361111111111112 0.03042328042328042
0 0.4794146825396825 0.517526455026455 0.019345238095238096 0.03042328042328042
0 0.45820932539682535 0.4950396825396825 0.011656746031746032 0.02447089947089947
0 0.49181547619047616 0.43468915343915343 0.025297619047619048 0.012235449735449735
0 0.4897073412698412 0.44758597883597884 0.021081349206349204 0.013558201058201057
0 0.5081845238095238 0.48065476190476186 0.023809523809523808 0.021494708994708994
0 0.5022321428571428 0.46097883597883593 0.02232142857142857 0.013227513227513227
0 0.5260416666666666 0.5403439153439153 0.023809523809523808 0.01521164021164021
0 0.5341021825396826 0.5681216931216931 0.01909722222222222 0.027777777777777776
0 0.5310019841269841 0.5896164021164021 0.029265873015873016 0.023148148148148147
0 0.49342757936507936 0.6211970899470899 0.014632936507936508 0.018187830687830687
0 0.47780257936507936 0.5823412698412698 0.017609126984126984 0.017195767195767195
0 0.48164682539682535 0.6026785714285714 0.018849206349206348 0.017526455026455025
0 0.5719246031746031 0.802744708994709 0.014384920634920634 0.034722222222222224
0 0.5828373015873015 0.8229166666666666 0.018849206349206348 0.034722222222222224
0 0.620907738095238 0.6625330687830687 0.02058531746031746 0.028108465608465607
0 0.7013888888888888 0.6545965608465608 0.03273809523809523 0.017526455026455025
0 0.5763888888888888 0.6524470899470899 0.020337301587301584 0.021825396825396824
0 0.5710565476190476 0.6372354497354497 0.015128968253968252 0.022486772486772486
0 0.6087549603174602 0.6203703703703703 0.015128968253968252 0.023148148148148147
0 0.5540674603174602 0.5 0.019345238095238096 0.01984126984126984
0 0.5631200396825397 0.515542328042328 0.022073412698412696 0.01455026455026455
0 0.5906498015873015 0.5886243386243386 0.01909722222222222 0.023809523809523808
0 0.5768849206349206 0.4948743386243386 0.012896825396825396 0.036044973544973546
0 0.5322420634920635 0.4689153439153439 0.010912698412698412 0.02976190476190476
0 0.5489831349206349 0.4603174603174603 0.008680555555555556 0.032407407407407406
0 0.5219494047619048 0.40575396825396826 0.016121031746031744 0.032407407407407406
0 0.531125992063492 0.38508597883597884 0.012648809523809524 0.028769841269841268
0 0.5381944444444444 0.4219576719576719 0.0183531746031746 0.016534391534391533
0 0.5948660714285714 0.402281746031746 0.021081349206349204 0.022817460317460316
0 0.6114831349206349 0.4133597883597883 0.021081349206349204 0.013888888888888888
0 0.640625 0.40575396825396826 0.016865079365079364 0.015873015873015872
0 0.568328373015873 0.39186507936507936 0.01810515873015873 0.01521164021164021
0 0.5553075396825397 0.38508597883597884 0.010416666666666666 0.018187830687830687
0 0.5926339285714285 0.3688822751322751 0.021081349206349204 0.015542328042328041
0 0.6371527777777778 0.3407738095238095 0.010416666666666666 0.018187830687830687
0 0.6374007936507936 0.3239087301587301 0.015873015873015872 0.012896825396825396
0 0.6137152777777778 0.3966600529100529 0.011656746031746032 0.014219576719576719
0 0.6176835317460317 0.431547619047619 0.018601190476190476 0.021164021164021163
0 0.5582837301587301 0.36524470899470896 0.007936507936507936 0.00958994708994709
0 0.543030753968254 0.38409391534391535 0.011656746031746032 0.020833333333333332
0 0.5982142857142857 0.49867724867724866 0.006944444444444444 0.027116402116402115
0 0.5880456349206349 0.5120701058201058 0.009424603174603174 0.022817460317460316
0 0.6106150793650793 0.5343915343915344 0.017857142857142856 0.013888888888888888
0 0.5902777777777778 0.5433201058201058 0.00992063492063492 0.02513227513227513
0 0.5886656746031745 0.5669642857142857 0.012152777777777776 0.027447089947089946
0 0.6042906746031745 0.5697751322751322 0.009672619047619048 0.022486772486772486
0 0.6171875 0.5535714285714285 0.01413690476190476 0.021164021164021163
0 0.6261160714285714 0.5788690476190476 0.008680555555555556 0.01951058201058201
0 0.6331845238095237 0.552744708994709 0.00992063492063492 0.010912698412698412
0 0.6216517857142857 0.49652777777777773 0.016617063492063492 0.014219576719576719
0 0.6695188492063492 0.49785052910052907 0.022073412698412696 0.018849206349206348
0 0.6155753968253967 0.47470238095238093 0.013888888888888888 0.016865079365079364
0 0.6401289682539683 0.43105158730158727 0.010416666666666666 0.016865079365079364
0 0.6433531746031745 0.3533399470899471 0.017857142857142856 0.012235449735449735
0 0.6662946428571428 0.21610449735449735 0.012648809523809524 0.028769841269841268
0 0.6754712301587301 0.18154761904761904 0.013144841269841268 0.023809523809523808
0 0.6594742063492063 0.2513227513227513 0.015376984126984126 0.02513227513227513
0 0.6666666666666666 0.23412698412698413 0.022817460317460316 0.013227513227513227
0 0.6254960317460317 0.19758597883597884 0.029265873015873016 0.016203703703703703
