0 0.27194940476190477 0.5046296296296297 0.034970238095238096 0.027116402116402115
0 0.02690972222222222 0.5219907407407407 0.02554563492063492 0.022817460317460316
0 0.10863095238095237 0.564318783068783 0.023313492063492064 0.016203703703703703
0 0.11495535714285714 0.6081349206349206 0.017113095238095236 0.026455026455026454
0 0.1767113095238095 0.656084656084656 0.030009920634920632 0.01917989417989418
0 0.21788194444444442 0.693121693121693 0.017113095238095236 0.037037037037037035
0 0.2560763888888889 0.6774140211640212 0.023561507936507936 0.03141534391534391
0 0.15079365079365079 0.5520833333333333 0.020337301587301584 0.018849206349206348
0 0.12227182539682539 0.5441468253968254 0.020833333333333332 0.028108465608465607
0 0.12140376984126984 0.5031415343915344 0.017113095238095236 0.017526455026455025
0 0.04092261904761905 0.4282407407407407 0.019345238095238096 0.016534391534391533
0 0.06312003968253968 0.494047619047619 0.021577380952380952 0.011904761904761904
0 0.4186507936507936 0.42212301587301587 0.014384920634920634 0.03141534391534391
0 0.4956597222222222 0.3232473544973545 0.027529761904761904 0.020833333333333332
0 0.5064484126984127 0.3559854497354497 0.017857142857142856 0.027447089947089946
0 0.5426587301587301 0.27232142857142855 0.018849206349206348 0.026124338624338623
0 0.5829613095238095 0.27033730158730157 0.03050595238095238 0.02414021164021164
0 0.5886656746031745 0.3892195767195767 0.029513888888888888 0.023809523809523808
0 0.5825892857142857 0.4505621693121693 0.027777777777777776 0.016865079365079364
0 0.5817212301587301 0.43369708994708994 0.030009920634920632 0.016865079365079364
0 0.4957837301587301 0.48660714285714285 0.019345238095238096 0.012235449735449735
0 0.5471230158730158 0.5124007936507936 0.011408730158730158 0.027447089947089946
0 0.5357142857142857 0.519345238095238 0.007936507936507936 0.02017195767195767
0 0.5401785714285714 0.533068783068783 0.0248015873015873 0.015873015873015872
0 0.5158730158730158 0.4895833333333333 0.016865079365079364 0.014219576719576719
0 0.4995039682539682 0.5066137566137566 0.01488095238095238 0.011904761904761904
0 0.5880456349206349 0.5436507936507936 0.014384920634920634 0.023809523809523808
0 0.5659722222222222 0.5203373015873015 0.016369047619047616 0.022156084656084655
0 0.576140873015873 0.5709325396825397 0.019345238095238096 0.01488095238095238
0 0.525421626984127 0.5583664021164021 0.01413690476190476 0.012896825396825396
0 0.48697916666666663 0.5519179894179894 0.021577380952380952 0.017857142857142856
0 0.5554315476190476 0.6083002645502645 0.02306547619047619 0.028108465608465607
0 0.6078869047619048 0.6011904761904762 0.015873015873015872 0.01917989417989418
0 0.580109126984127 0.6205357142857143 0.027777777777777776 0.016865079365079364
0 0.5255456349206349 0.6284722222222222 0.016369047619047616 0.03009259259259259
0 0.5243055555555556 0.6521164021164021 0.014384920634920634 0.026455026455026454
0 0.511532738095238 0.6471560846560847 0.02058531746031746 0.00992063492063492
0 0.4750744047619047 0.6263227513227513 0.016617063492063492 0.018518518518518517
0 0.44667658730158727 0.5945767195767195 0.019345238095238096 0.01984126984126984
0 0.5081845238095238 0.597387566137566 0.024305555555555552 0.014219576719576719
0 0.5112847222222222 0.6083002645502645 0.026537698412698412 0.00958994708994709
0 0.49553571428571425 0.6187169312169312 0.0248015873015873 0.00992063492063492
0 0.47172619047619047 0.6058201058201058 0.01984126984126984 0.011243386243386243
0 0.5446428571428571 0.7195767195767195 0.027777777777777776 0.013227513227513227
0 0.5612599206349206 0.6858465608465608 0.021825396825396824 0.023809523809523808
0 0.5570436507936508 0.6999007936507936 0.015873015873015872 0.03273809523809523
0 0.5952380952380952 0.6703042328042328 0.021825396825396824 0.023148148148148147
0 0.5833333333333333 0.6618716931216931 0.023809523809523808 0.012896825396825396
0 0.650421626984127 0.6575727513227513 0.02058531746031746 0.018187830687830687
0 0.6166914682539683 0.6767526455026455 0.016121031746031744 0.027447089947089946
0 0.6078869047619048 0.6846891534391534 0.013392857142857142 0.022817460317460316
0 0.615203373015873 0.7141203703703703 0.017113095238095236 0.028769841269841268
0 0.640625 0.6790674603174602 0.017361111111111112 0.03141534391534391
0 0.6304563492063492 0.6999007936507936 0.015873015873015872 0.026124338624338623
0 0.6839037698412698 0.6402116402116402 0.025049603174603172 0.01917989417989418
0 0.6530257936507936 0.6364087301587301 0.014384920634920634 0.022817460317460316
0 0.6431051587301587 0.6349206349206349 0.009424603174603174 0.023148148148148147
0 0.632688492063492 0.6359126984126984 0.013392857142857142 0.02447089947089947
0 0.7274305555555555 0.6557539682539683 0.014384920634920634 0.02976190476190476
0 0.7627728174603174 0.6708002645502645 0.016617063492063492 0.04464285714285714
0 0.7426835317460317 0.6752645502645502 0.022073412698412696 0.0291005291005291
0 0.7027529761904762 0.6266534391534391 0.017609126984126984 0.016534391534391533
0 0.7259424603174602 0.6296296296296295 0.023313492063492064 0.013888888888888888
0 0.6335565476190476 0.6134259259259259 0.017609126984126984 0.0205026455026455
0 0.6413690476190476 0.6010251322751322 0.017857142857142856 0.016203703703703703
0 0.6744791666666666 0.5676256613756614 0.017113095238095236 0.020833333333333332
0 0.636532738095238 0.5730820105820106 0.0091765873015873 0.01984126984126984
0 0.595734126984127 0.5666335978835979 0.00992063492063492 0.02943121693121693
0 0.8737599206349206 0.5009920634920635 0.037698412698412696 0.026455026455026454
0 0.7837301587301587 0.48578042328042326 0.020833333333333332 0.026455026455026454
0 0.7682291666666666 0.39087301587301587 0.015128968253968252 0.026455026455026454
0 0.7157738095238095 0.32837301587301587 0.02132936507936508 0.032407407407407406
