0 0.8813244047619048 0.6746031746031745 0.023561507936507936 0.046296296296296294
0 0.8712797619047619 0.5922619047619048 0.016865079365079364 0.042328042328042326
0 0.8131200396825397 0.613095238095238 0.01909722222222222 0.041666666666666664
0 0.7904265873015872 0.5788690476190476 0.017361111111111112 0.026124338624338623
0 0.7841021825396824 0.6438492063492063 0.027033730158730156 0.037698412698412696
0 0.753720238095238 0.650297619047619 0.0248015873015873 0.026124338624338623
0 0.7490079365079365 0.6699735449735449 0.0248015873015873 0.03042328042328042
0 0.720734126984127 0.6588955026455026 0.026785714285714284 0.03869047619047619
0 0.6901041666666666 0.6461640211640212 0.027529761904761904 0.04298941798941799
0 0.7194940476190476 0.7015542328042328 0.022817460317460316 0.028769841269841268
0 0.6996527777777778 0.7113095238095237 0.01984126984126984 0.03042328042328042
0 0.5705605158730158 0.7204034391534391 0.02058531746031746 0.026124338624338623
0 0.5905257936507936 0.6846891534391534 0.0183531746031746 0.039351851851851846
0 0.6221478174603174 0.6622023809523809 0.016617063492063492 0.04199735449735449
0 0.6324404761904762 0.6347552910052909 0.019345238095238096 0.028108465608465607
0 0.634548611111111 0.6155753968253967 0.023561507936507936 0.026785714285714284
0 0.5456349206349206 0.6129298941798942 0.020337301587301584 0.0367063492063492
0 0.5131448412698413 0.6071428571428571 0.026289682539682536 0.03042328042328042
0 0.5678323412698413 0.5906084656084656 0.024553571428571428 0.027777777777777776
0 0.6204117063492063 0.5866402116402116 0.028521825396825396 0.0291005291005291
0 0.6060267857142857 0.6000330687830687 0.01413690476190476 0.04398148148148148
0 0.5931299603174602 0.5844907407407407 0.013640873015873016 0.03207671957671958
0 0.6056547619047619 0.5325727513227513 0.026289682539682536 0.017526455026455025
0 0.5660962301587301 0.5353835978835979 0.017609126984126984 0.031746031746031744
0 0.5777529761904762 0.564318783068783 0.026041666666666664 0.023478835978835978
0 0.5445188492063492 0.5634920634920635 0.02802579365079365 0.01521164021164021
0 0.7367311507936507 0.5877976190476191 0.02901785714285714 0.02414021164021164
0 0.6633184523809523 0.5658068783068783 0.024553571428571428 0.012566137566137565
0 0.6574900793650793 0.5239748677248677 0.025793650793650792 0.018187830687830687
0 0.6512896825396826 0.5815145502645502 0.018849206349206348 0.01025132275132275
0 0.7151537698412698 0.5400132275132274 0.022569444444444444 0.016534391534391533
0 0.7154017857142857 0.5244708994708994 0.011656746031746032 0.0291005291005291
0 0.6995287698412698 0.513558201058201 0.016617063492063492 0.03306878306878307
0 0.7938988095238095 0.46164021164021163 0.02132936507936508 0.031746031746031744
0 0.8048115079365079 0.4368386243386243 0.029265873015873016 0.01984126984126984
0 0.7841021825396824 0.5553902116402116 0.029513888888888888 0.022817460317460316
0 0.722470238095238 0.5707671957671957 0.022817460317460316 0.01521164021164021
0 0.7140376984126984 0.5848214285714285 0.016865079365079364 0.026785714285714284
0 0.6824156746031745 0.5297619047619048 0.017609126984126984 0.023148148148148147
0 0.7683531746031745 0.5138888888888888 0.020337301587301584 0.021825396825396824
0 0.7409474206349206 0.4938822751322751 0.01810515873015873 0.023478835978835978
0 0.7521081349206349 0.49900793650793646 0.01413690476190476 0.03042328042328042
0 0.7295386904761905 0.5160383597883598 0.025049603174603172 0.016865079365079364
0 0.6498015873015872 0.4485780423280423 0.018849206349206348 0.026785714285714284
0 0.6294642857142857 0.42344576719576715 0.027281746031746032 0.017526455026455025
0 0.6499255952380952 0.4186507936507936 0.015625 0.021164021164021163
0 0.6028025793650793 0.46742724867724866 0.01810515873015873 0.016203703703703703
0 0.6009424603174602 0.5042989417989417 0.012896825396825396 0.023809523809523808
0 0.5827132936507936 0.47189153439153436 0.013640873015873016 0.016534391534391533
0 0.5577876984126984 0.4966931216931217 0.0183531746031746 0.018518518518518517
0 0.5441468253968254 0.5259589947089947 0.010912698412698412 0.018849206349206348
0 0.5267857142857143 0.5234788359788359 0.017361111111111112 0.010582010582010581
0 0.5747767857142857 0.421792328042328 0.015625 0.02017195767195767
0 0.5794890873015873 0.40922619047619047 0.022073412698412696 0.01488095238095238
0 0.6008184523809523 0.41451719576719576 0.02058531746031746 0.018849206349206348
0 0.6061507936507936 0.44494047619047616 0.00992063492063492 0.026785714285714284
0 0.540798611111111 0.38244047619047616 0.015625 0.015542328042328041
0 0.5503472222222222 0.39847883597883593 0.00992063492063492 0.018518518518518517
0 0.6692708333333333 0.3004298941798942 0.03249007936507936 0.022817460317460316
0 0.7125496031746031 0.3187830687830688 0.027777777777777776 0.01984126984126984
0 0.7353670634920635 0.3239087301587301 0.012896825396825396 0.040013227513227514
0 0.7085813492063492 0.1931216931216931 0.03125 0.021164021164021163
0 0.6650545634920635 0.17080026455026454 0.031001984126984124 0.021494708994708994
0 0.6226438492063492 0.17179232804232802 0.02058531746031746 0.02414021164021164
0 0.5890376984126984 0.1865079365079365 0.021825396825396824 0.03505291005291005
0 0.5812251984126984 0.23379629629629628 0.030009920634920632 0.016534391534391533
0 0.5832093253968254 0.2605820105820106 0.018601190476190476 0.028439153439153438
0 0.13950892857142858 0.45552248677248675 0.025049603174603172 0.028108465608465607
0 0.16455853174603174 0.48677248677248675 0.025049603174603172 0.018518518518518517
0 0.17683531746031744 0.4664351851851852 0.015376984126984126 0.022156084656084655
0 0.16133432539682538 0.46494708994708994 0.017113095238095236 0.02513227513227513
0 0.22941468253968253 0.4619708994708994 0.0183531746031746 0.011243386243386243
0 0.17410714285714285 0.4270833333333333 0.017361111111111112 0.020833333333333332
0 0.2197420634920635 0.42675264550264547 0.014384920634920634 0.00958994708994709
0 0.21155753968253968 0.45866402116402116 0.012896825396825396 0.023148148148148147
0 0.1189236111111111 0.4168320105820106 0.02058531746031746 0.017526455026455025
0 0.12239583333333333 0.373015873015873 0.009672619047619048 0.025793650793650792
0 0.14136904761904762 0.38872354497354494 0.01488095238095238 0.018849206349206348
0 0.1583581349206349 0.39120370370370366 0.02058531746031746 0.013888888888888888
0 0.039806547619047616 0.40773809523809523 0.021577380952380952 0.021825396825396824
0 0.05679563492063492 0.37896825396825395 0.0183531746031746 0.023809523809523808
0 0.05679563492063492 0.32837301587301587 0.02232142857142857 0.011243386243386243
