0 0.8493303571428571 0.5689484126984127 0.043402777777777776 0.04728835978835978
0 0.7399553571428571 0.41633597883597884 0.028521825396825396 0.02976190476190476
0 0.6789434523809523 0.720734126984127 0.03149801587301587 0.03009259259259259
0 0.689484126984127 0.5763888888888888 0.013888888888888888 0.04034391534391534
0 0.6760912698412698 0.570271164021164 0.015376984126984126 0.04464285714285714
0 0.5627480158730158 0.6552579365079365 0.028769841269841268 0.039351851851851846
0 0.4782986111111111 0.6954365079365079 0.021577380952380952 0.04365079365079365
0 0.6284722222222222 0.5327380952380952 0.013888888888888888 0.03306878306878307
0 0.6309523809523809 0.5651455026455026 0.023313492063492064 0.023148148148148147
0 0.6083829365079365 0.5658068783068783 0.02132936507936508 0.023148148148148147
0 0.5657242063492063 0.5904431216931216 0.027777777777777776 0.027447089947089946
0 0.5653521825396826 0.5737433862433862 0.028521825396825396 0.015873015873015872
0 0.5399305555555556 0.5889550264550264 0.027281746031746032 0.023148148148148147
0 0.5164930555555556 0.5947420634920635 0.024553571428571428 0.021494708994708994
0 0.5014880952380952 0.6175595238095237 0.0248015873015873 0.020833333333333332
0 0.48425099206349204 0.5815145502645502 0.016617063492063492 0.03009259259259259
0 0.46688988095238093 0.6053240740740741 0.019593253968253968 0.03273809523809523
0 0.4594494047619047 0.5841600529100529 0.019593253968253968 0.022817460317460316
0 0.5730406746031745 0.5243055555555556 0.01909722222222222 0.022817460317460316
0 0.5189732142857143 0.5209986772486772 0.03050595238095238 0.01951058201058201
0 0.5987103174603174 0.5128968253968254 0.0248015873015873 0.01984126984126984
0 0.5949900793650793 0.5286044973544973 0.020833333333333332 0.018187830687830687
0 0.5850694444444444 0.5413359788359788 0.018849206349206348 0.017195767195767195
0 0.49987599206349204 0.6380621693121693 0.016617063492063492 0.03009259259259259
0 0.4993799603174603 0.5367063492063492 0.014632936507936508 0.0205026455026455
0 0.4841269841269841 0.5385251322751322 0.011408730158730158 0.028769841269841268
0 0.46862599206349204 0.5287698412698413 0.016617063492063492 0.021825396825396824
0 0.46999007936507936 0.5552248677248677 0.016369047619047616 0.023148148148148147
0 0.4584573412698412 0.5543981481481481 0.013640873015873016 0.021494708994708994
0 0.44146825396825395 0.5547288359788359 0.023313492063492064 0.014219576719576719
0 0.42795138888888884 0.5699404761904762 0.02405753968253968 0.015542328042328041
0 0.42956349206349204 0.5367063492063492 0.024305555555555552 0.021164021164021163
0 0.41666666666666663 0.6321097883597884 0.020833333333333332 0.03736772486772487
0 0.35987103174603174 0.6646825396825397 0.017361111111111112 0.03571428571428571
0 0.3622271825396825 0.5061177248677249 0.017609126984126984 0.020833333333333332
0 0.3740079365079365 0.5302579365079365 0.01984126984126984 0.012235449735449735
0 0.3913690476190476 0.5163690476190476 0.016865079365079364 0.01025132275132275
0 0.4579613095238095 0.49520502645502645 0.016121031746031744 0.020833333333333332
0 0.4796626984126984 0.49470899470899465 0.01984126984126984 0.01455026455026455
0 0.4983878968253968 0.4885912698412698 0.02058531746031746 0.020833333333333332
0 0.48164682539682535 0.43832671957671954 0.018849206349206348 0.028769841269841268
0 0.4864831349206349 0.46511243386243384 0.017609126984126984 0.02414021164021164
0 0.511656746031746 0.43799603174603174 0.017857142857142856 0.021494708994708994
0 0.5415426587301587 0.43402777777777773 0.014632936507936508 0.016865079365079364
0 0.44754464285714285 0.4282407407407407 0.012648809523809524 0.027116402116402115
0 0.4583333333333333 0.40939153439153436 0.015376984126984126 0.022486772486772486
0 0.400297619047619 0.392526455026455 0.01984126984126984 0.03505291005291005
0 0.4149305555555555 0.3936838624338624 0.016865079365079364 0.03538359788359788
0 0.5265376984126984 0.33912037037037035 0.03125 0.01951058201058201
0 0.5381944444444444 0.289021164021164 0.037698412698412696 0.026455026455026454
0 0.5999503968253967 0.3158068783068783 0.013392857142857142 0.03835978835978836
0 0.4874751984126984 0.15029761904761904 0.021081349206349204 0.0333994708994709
0 0.5277777777777778 0.1468253968253968 0.026785714285714284 0.027116402116402115
0 0.5749007936507936 0.15691137566137564 0.031746031746031744 0.026785714285714284
0 0.6556299603174602 0.14384920634920634 0.029513888888888888 0.02447089947089947
0 0.2822420634920635 0.6883267195767195 0.020337301587301584 0.03273809523809523
0 0.2647569444444444 0.6276455026455026 0.021577380952380952 0.042328042328042326
0 0.23412698412698413 0.40426587301587297 0.0367063492063492 0.030753968253968252
0 0.27232142857142855 0.275297619047619 0.026289682539682536 0.038029100529100524
0 0.031994047619047616 0.4646164021164021 0.015376984126984126 0.03042328042328042
0 0.04613095238095238 0.4489087301587301 0.0183531746031746 0.022817460317460316
0 0.046999007936507936 0.40509259259259256 0.01909722222222222 0.01917989417989418
