0 0.49900793650793646 0.8998015873015872 0.024305555555555552 0.037037037037037035
0 0.4925595238095238 0.8088624338624338 0.02232142857142857 0.04298941798941799
0 0.4681299603174603 0.8687169312169312 0.03249007936507936 0.022486772486772486
0 0.527405753968254 0.7324735449735449 0.03050595238095238 0.02513227513227513
0 0.5492311507936508 0.7404100529100529 0.020089285714285712 0.02976190476190476
0 0.5637400793650793 0.7417328042328042 0.00992063492063492 0.041005291005291
0 0.5777529761904762 0.7357804232804233 0.016617063492063492 0.025793650793650792
0 0.5931299603174602 0.7906746031746031 0.015625 0.037698412698412696
0 0.6118551587301587 0.7645502645502645 0.022817460317460316 0.027777777777777776
0 0.6005704365079365 0.751984126984127 0.02554563492063492 0.03505291005291005
0 0.5944940476190476 0.7238756613756613 0.023313492063492064 0.02976190476190476
0 0.591641865079365 0.6668320105820106 0.015128968253968252 0.03273809523809523
0 0.5677083333333333 0.6785714285714285 0.009424603174603174 0.031746031746031744
0 0.5807291666666666 0.6957671957671957 0.015625 0.02976190476190476
0 0.5675843253968254 0.6240079365079365 0.013144841269841268 0.03306878306878307
0 0.5817212301587301 0.6527777777777778 0.015128968253968252 0.023809523809523808
0 0.5616319444444444 0.611441798941799 0.008680555555555556 0.03042328042328042
0 0.5510912698412698 0.6048280423280423 0.014384920634920634 0.025793650793650792
0 0.5362103174603174 0.5962301587301587 0.015376984126984126 0.028439153439153438
0 0.5252976190476191 0.5720899470899471 0.013392857142857142 0.031084656084656083
0 0.49454365079365076 0.5859788359788359 0.010416666666666666 0.03373015873015873
0 0.48660714285714285 0.5778769841269841 0.012896825396825396 0.030753968253968252
0 0.46527777777777773 0.5930886243386243 0.0183531746031746 0.0333994708994709
0 0.4673859126984127 0.5634920634920635 0.02901785714285714 0.013227513227513227
0 0.4724702380952381 0.5274470899470899 0.020337301587301584 0.025793650793650792
0 0.5411706349206349 0.49222883597883593 0.014384920634920634 0.02943121693121693
0 0.533234126984127 0.43733465608465605 0.015873015873015872 0.04067460317460317
0 0.5927579365079365 0.4323743386243386 0.011904761904761904 0.03141534391534391
0 0.5130208333333333 0.5239748677248677 0.012152777777777776 0.03009259259259259
0 0.5260416666666666 0.531084656084656 0.014384920634920634 0.02513227513227513
0 0.5365823412698413 0.523313492063492 0.016121031746031744 0.027447089947089946
0 0.4966517857142857 0.5003306878306878 0.018601190476190476 0.01917989417989418
0 0.45002480158730157 0.44229497354497355 0.01810515873015873 0.03273809523809523
0 0.46502976190476186 0.42774470899470896 0.013888888888888888 0.0333994708994709
0 0.5004960317460317 0.47106481481481477 0.01488095238095238 0.021494708994708994
0 0.5137648809523809 0.48495370370370366 0.01909722222222222 0.010912698412698412
0 0.5207093253968254 0.49983465608465605 0.013144841269841268 0.016203703703703703
0 0.5322420634920635 0.3688822751322751 0.014384920634920634 0.015542328042328041
0 0.5698164682539683 0.32506613756613756 0.02554563492063492 0.01917989417989418
0 0.47780257936507936 0.3482142857142857 0.012152777777777776 0.032407407407407406
0 0.4439484126984127 0.38525132275132273 0.017857142857142856 0.022486772486772486
0 0.44680059523809523 0.35846560846560843 0.01413690476190476 0.031084656084656083
0 0.4327876984126984 0.3493716931216931 0.00992063492063492 0.03538359788359788
0 0.43774801587301587 0.31994047619047616 0.015376984126984126 0.026124338624338623
0 0.41989087301587297 0.29811507936507936 0.01488095238095238 0.03141534391534391
0 0.4430803571428571 0.408234126984127 0.016617063492063492 0.03009259259259259
0 0.39223710317460314 0.20023148148148148 0.016121031746031744 0.02546296296296296
0 0.4195188492063492 0.16732804232804233 0.013144841269841268 0.03306878306878307
0 0.431547619047619 0.2061838624338624 0.013888888888888888 0.03736772486772487
0 0.4345238095238095 0.18088624338624337 0.01240079365079365 0.027116402116402115
0 0.3658234126984127 0.166005291005291 0.00992063492063492 0.027777777777777776
0 0.3849206349206349 0.15575396825396826 0.009424603174603174 0.0291005291005291
0 0.39471726190476186 0.1628637566137566 0.010168650793650792 0.030753968253968252
0 0.38306051587301587 0.1283068783068783 0.010168650793650792 0.027116402116402115
0 0.3753720238095238 0.19758597883597884 0.012648809523809524 0.027447089947089946
0 0.2581845238095238 0.30274470899470896 0.021825396825396824 0.038029100529100524
0 0.19866071428571427 0.363260582010582 0.017857142857142856 0.04133597883597884
0 0.2779017857142857 0.3201058201058201 0.02058531746031746 0.027777777777777776
0 0.2788938492063492 0.39533730158730157 0.016121031746031744 0.034060846560846555
0 0.3107638888888889 0.35978835978835977 0.012896825396825396 0.032407407407407406
0 0.3317212301587301 0.3907076719576719 0.024553571428571428 0.016203703703703703
0 0.32948908730158727 0.4819775132275132 0.028521825396825396 0.022817460317460316
0 0.26339285714285715 0.5388558201058201 0.01240079365079365 0.028108465608465607
0 0.25161210317460314 0.5355489417989417 0.011656746031746032 0.021494708994708994
0 0.24007936507936506 0.515542328042328 0.019345238095238096 0.018518518518518517
0 0.38851686507936506 0.5649801587301587 0.02306547619047619 0.039351851851851846
0 0.3257688492063492 0.5515873015873015 0.01810515873015873 0.01917989417989418
0 0.37388392857142855 0.6066468253968254 0.026537698412698412 0.011574074074074073
0 0.3802083333333333 0.6246693121693121 0.020833333333333332 0.026455026455026454
0 0.38938492063492064 0.6349206349206349 0.025297619047619048 0.023148148148148147
0 0.3716517857142857 0.6693121693121693 0.016121031746031744 0.027116402116402115
0 0.38690476190476186 0.6967592592592592 0.01240079365079365 0.031746031746031744
0 0.3540426587301587 0.6397156084656084 0.01909722222222222 0.027447089947089946
0 0.33568948412698413 0.6615410052910052 0.017609126984126984 0.020833333333333332
0 0.3160962301587301 0.5009920634920635 0.02058531746031746 0.01917989417989418
0 0.2615327380952381 0.5795304232804233 0.017113095238095236 0.020833333333333332
0 0.2300347222222222 0.611276455026455 0.023561507936507936 0.023478835978835978
0 0.25930059523809523 0.6044973544973544 0.012648809523809524 0.0291005291005291
0 0.25334821428571425 0.626984126984127 0.023561507936507936 0.017195767195767195
0 0.26686507936507936 0.6441798941798942 0.01488095238095238 0.031746031746031744
0 0.25458829365079366 0.6754298941798942 0.013640873015873016 0.034060846560846555
0 0.22668650793650794 0.6990740740740741 0.019345238095238096 0.01984126984126984
0 0.30419146825396826 0.7944775132275131 0.015625 0.02546296296296296
0 0.3117559523809524 0.751818783068783 0.016369047619047616 0.03207671957671958
0 0.3795882936507936 0.7647156084656084 0.011656746031746032 0.018187830687830687
0 0.3525545634920635 0.7251984126984127 0.020089285714285712 0.013888888888888888
