0 0.29675099206349204 0.07374338624338624 0.017113095238095236 0.027116402116402115
0 0.3136160714285714 0.09341931216931217 0.02058531746031746 0.027447089947089946
0 0.3020833333333333 0.09937169312169311 0.017361111111111112 0.028108465608465607
0 0.32961309523809523 0.13657407407407407 0.016369047619047616 0.027777777777777776
0 0.33891369047619047 0.12318121693121692 0.022569444444444444 0.013558201058201057
0 0.3733878968253968 0.11937830687830688 0.012152777777777776 0.027116402116402115
0 0.3597470238095238 0.15178571428571427 0.016121031746031744 0.025793650793650792
0 0.3726438492063492 0.16137566137566137 0.012152777777777776 0.028439153439153438
0 0.38070436507936506 0.21560846560846558 0.011408730158730158 0.03373015873015873
0 0.3923611111111111 0.23941798941798942 0.013888888888888888 0.031084656084656083
0 0.41096230158730157 0.257771164021164 0.011408730158730158 0.0333994708994709
0 0.39657738095238093 0.275297619047619 0.010912698412698412 0.03207671957671958
0 0.26103670634920634 0.2175925925925926 0.017113095238095236 0.03439153439153439
0 0.28112599206349204 0.20651455026455026 0.02405753968253968 0.028769841269841268
0 0.2657490079365079 0.27298280423280424 0.017609126984126984 0.040013227513227514
0 0.19618055555555555 0.37996031746031744 0.02132936507936508 0.03968253968253968
0 0.16183035714285712 0.3630952380952381 0.024553571428571428 0.028439153439153438
0 0.20808531746031744 0.6276455026455026 0.0183531746031746 0.036375661375661374
0 0.24379960317460317 0.6284722222222222 0.015873015873015872 0.034060846560846555
0 0.23226686507936506 0.6450066137566137 0.015128968253968252 0.03736772486772487
0 0.23487103174603174 0.49884259259259256 0.016369047619047616 0.016865079365079364
0 0.2392113095238095 0.5249669312169312 0.011656746031746032 0.03009259259259259
0 0.22705853174603174 0.5246362433862434 0.01810515873015873 0.022156084656084655
0 0.2876984126984127 0.35383597883597884 0.011408730158730158 0.028439153439153438
0 0.2952628968253968 0.38260582010582006 0.016121031746031744 0.0291005291005291
0 0.3055555555555555 0.47371031746031744 0.023313492063492064 0.016203703703703703
0 0.2996031746031746 0.49289021164021163 0.020833333333333332 0.016865079365079364
0 0.29985119047619047 0.5405092592592592 0.02827380952380952 0.0248015873015873
0 0.35590277777777773 0.47453703703703703 0.023809523809523808 0.03505291005291005
0 0.4097222222222222 0.36425264550264547 0.023313492063492064 0.03207671957671958
0 0.4161706349206349 0.40062830687830686 0.02132936507936508 0.03207671957671958
0 0.4192708333333333 0.42873677248677244 0.020089285714285712 0.030753968253968252
0 0.44928075396825395 0.43700396825396826 0.022073412698412696 0.030753968253968252
0 0.4518849206349206 0.4065806878306878 0.020337301587301584 0.01951058201058201
0 0.45572916666666663 0.37566137566137564 0.01810515873015873 0.023809523809523808
0 0.4688740079365079 0.3753306878306878 0.013640873015873016 0.03505291005291005
0 0.48573908730158727 0.3647486772486772 0.021081349206349204 0.01984126984126984
0 0.5054563492063492 0.36722883597883593 0.012896825396825396 0.018187830687830687
0 0.49181547619047616 0.4621362433862434 0.017361111111111112 0.027447089947089946
0 0.4420882936507936 0.5138888888888888 0.021577380952380952 0.03373015873015873
0 0.47271825396825395 0.5229828042328042 0.020337301587301584 0.03141534391534391
0 0.44419642857142855 0.5692791005291005 0.015873015873015872 0.040013227513227514
0 0.44766865079365076 0.6023478835978836 0.017857142857142856 0.02943121693121693
0 0.5028521825396826 0.5949074074074073 0.027033730158730156 0.021825396825396824
0 0.4939236111111111 0.6147486772486772 0.025049603174603172 0.0205026455026455
0 0.4828869047619047 0.6279761904761905 0.023313492063492064 0.027116402116402115
0 0.4830109126984127 0.14583333333333331 0.015625 0.027116402116402115
0 0.5111607142857143 0.11888227513227513 0.017361111111111112 0.02943121693121693
0 0.48263888888888884 0.2599206349206349 0.016865079365079364 0.01984126984126984
0 0.4691220238095238 0.2610780423280423 0.012648809523809524 0.02943121693121693
0 0.4957837301587301 0.28538359788359785 0.017857142857142856 0.031746031746031744
0 0.5713045634920635 0.33597883597883593 0.016121031746031744 0.02976190476190476
0 0.6009424603174602 0.26686507936507936 0.01984126984126984 0.041666666666666664
0 0.5045882936507936 0.3106812169312169 0.024553571428571428 0.014219576719576719
0 0.5143849206349206 0.3874007936507936 0.015873015873015872 0.02017195767195767
0 0.578000992063492 0.5540674603174602 0.016121031746031744 0.03273809523809523
0 0.6153273809523809 0.49553571428571425 0.023313492063492064 0.026785714285714284
0 0.6369047619047619 0.49222883597883593 0.01984126984126984 0.034722222222222224
0 0.6615823412698413 0.5122354497354497 0.017113095238095236 0.03505291005291005
0 0.621155753968254 0.5209986772486772 0.024553571428571428 0.022156084656084655
0 0.628844246031746 0.5477843915343915 0.022073412698412696 0.01025132275132275
0 0.626984126984127 0.5720899470899471 0.024305555555555552 0.02447089947089947
0 0.6059027777777778 0.6147486772486772 0.015873015873015872 0.03835978835978836
0 0.6436011904761905 0.5873015873015872 0.010416666666666666 0.03042328042328042
0 0.6701388888888888 0.6069775132275131 0.017857142857142856 0.023478835978835978
0 0.6778273809523809 0.6226851851851851 0.013392857142857142 0.028439153439153438
0 0.4837549603174603 0.4839616402116402 0.025049603174603172 0.016865079365079364
0 0.511780753968254 0.5631613756613756 0.021081349206349204 0.03439153439153439
0 0.5007440476190476 0.5041335978835979 0.013392857142857142 0.02017195767195767
0 0.5328621031746031 0.6096230158730158 0.012152777777777776 0.036044973544973546
0 0.5221974206349206 0.6084656084656084 0.012152777777777776 0.026455026455026454
0 0.5270337301587301 0.69130291005291 0.01488095238095238 0.034060846560846555
0 0.5068204365079365 0.7164351851851851 0.021081349206349204 0.038029100529100524
0 0.5365823412698413 0.6724537037037037 0.017113095238095236 0.03141534391534391
0 0.5403025793650793 0.6403769841269841 0.02058531746031746 0.0248015873015873
0 0.564484126984127 0.7007275132275131 0.016865079365079364 0.03306878306878307
0 0.5487351190476191 0.7002314814814814 0.01066468253968254 0.03207671957671958
0 0.535218253968254 0.7230489417989417 0.01488095238095238 0.03207671957671958
0 0.5231894841269841 0.7372685185185185 0.014632936507936508 0.0367063492063492
0 0.5055803571428571 0.7605820105820106 0.03249007936507936 0.04034391534391534
0 0.45473710317460314 0.7921626984126984 0.022073412698412696 0.040013227513227514
0 0.564484126984127 0.8083664021164021 0.02232142857142857 0.04199735449735449
0 0.3958333333333333 0.9467592592592592 0.019345238095238096 0.03505291005291005
0 0.44084821428571425 0.8850859788359788 0.014632936507936508 0.04464285714285714
0 0.38516865079365076 0.8702050264550264 0.013392857142857142 0.030753968253968252
0 0.3917410714285714 0.8402777777777777 0.020089285714285712 0.02447089947089947
0 0.3577628968253968 0.8533399470899471 0.016121031746031744 0.01951058201058201
0 0.3794642857142857 0.6979166666666666 0.023313492063492064 0.03538359788359788
0 0.36532738095238093 0.6567460317460317 0.018849206349206348 0.036375661375661374
0 0.363219246031746 0.6324404761904762 0.029513888888888888 0.016865079365079364
0 0.3516865079365079 0.6168981481481481 0.0248015873015873 0.014219576719576719
0 0.35131448412698413 0.5899470899470899 0.02405753968253968 0.0205026455026455
0 0.34511408730158727 0.6577380952380952 0.012152777777777776 0.031084656084656083
0 0.3387896825396825 0.7197420634920635 0.024305555555555552 0.02943121693121693
0 0.22668650793650794 0.6825396825396826 0.027281746031746032 0.016534391534391533
0 0.3077876984126984 0.6461640211640212 0.024305555555555552 0.025793650793650792
0 0.2698412698412698 0.5825066137566137 0.008928571428571428 0.02943121693121693
0 0.2785218253968254 0.585813492063492 0.00992063492063492 0.016203703703703703
