0 0.3292410714285714 0.4950396825396825 0.026537698412698412 0.041666666666666664
0 0.18390376984126983 0.3508597883597883 0.025049603174603172 0.022486772486772486
0 0.3611111111111111 0.48462301587301587 0.02827380952380952 0.02017195767195767
0 0.3865327380952381 0.5034722222222222 0.019593253968253968 0.0367063492063492
0 0.39025297619047616 0.5496031746031745 0.028521825396825396 0.037037037037037035
0 0.42522321428571425 0.5613425925925926 0.03050595238095238 0.03538359788359788
0 0.2899305555555555 0.5876322751322751 0.031746031746031744 0.0205026455026455
0 0.2681051587301587 0.5697751322751322 0.0248015873015873 0.017857142857142856
0 0.26339285714285715 0.5963955026455026 0.017857142857142856 0.022817460317460316
0 0.23251488095238093 0.5962301587301587 0.03794642857142857 0.018518518518518517
0 0.16393849206349206 0.5887896825396826 0.03125 0.01951058201058201
0 0.24900793650793648 0.49090608465608465 0.01984126984126984 0.026124338624338623
0 0.503968253968254 0.3933531746031746 0.034722222222222224 0.038029100529100524
0 0.5049603174603174 0.3516865079365079 0.01984126984126984 0.03009259259259259
0 0.6759672619047619 0.37037037037037035 0.02554563492063492 0.05291005291005291
0 0.6499255952380952 0.3687169312169312 0.026537698412698412 0.023148148148148147
0 0.7316468253968254 0.4214616402116402 0.037698412698412696 0.036044973544973546
0 0.5905257936507936 0.531084656084656 0.026785714285714284 0.02513227513227513
0 0.5713045634920635 0.5180224867724867 0.015128968253968252 0.017526455026455025
0 0.6774553571428571 0.5401785714285714 0.02802579365079365 0.01951058201058201
0 0.6462053571428571 0.5606812169312169 0.02901785714285714 0.0248015873015873
0 0.7038690476190476 0.560515873015873 0.021825396825396824 0.01521164021164021
0 0.7084573412698413 0.5851521164021164 0.020089285714285712 0.02017195767195767
0 0.5081845238095238 0.548941798941799 0.025297619047619048 0.031746031746031744
0 0.47271825396825395 0.5886243386243386 0.030753968253968252 0.03968253968253968
0 0.4568452380952381 0.5338955026455026 0.024305555555555552 0.02017195767195767
0 0.5499751984126984 0.6159060846560847 0.03546626984126984 0.022156084656084655
0 0.5270337301587301 0.5768849206349206 0.018849206349206348 0.03273809523809523
0 0.5414186507936508 0.5747354497354497 0.02132936507936508 0.0291005291005291
0 0.5680803571428571 0.5767195767195767 0.033482142857142856 0.017195767195767195
0 0.581845238095238 0.6119378306878307 0.0248015873015873 0.040013227513227514
0 0.6407490079365079 0.6129298941798942 0.026537698412698412 0.0248015873015873
0 0.5948660714285714 0.6747685185185185 0.03993055555555555 0.034060846560846555
0 0.6700148809523809 0.6274801587301587 0.026041666666666664 0.02546296296296296
0 0.7006448412698413 0.6367394179894179 0.030753968253968252 0.027447089947089946
0 0.7705853174603174 0.7291666666666666 0.03373015873015873 0.03373015873015873
0 0.7481398809523809 0.7012235449735449 0.015625 0.039351851851851846
0 0.7728174603174602 0.6934523809523809 0.014384920634920634 0.037698412698412696
0 0.8235367063492063 0.6789021164021164 0.04092261904761905 0.021825396825396824
0 0.8363095238095237 0.7111441798941799 0.026785714285714284 0.0367063492063492
0 0.8658234126984127 0.7304894179894179 0.024305555555555552 0.031084656084656083
0 0.8426339285714285 0.7395833333333333 0.03249007936507936 0.022817460317460316
0 0.896329365079365 0.7607473544973544 0.028769841269841268 0.026124338624338623
0 0.8914930555555555 0.8654100529100529 0.041914682539682536 0.02976190476190476
0 0.9484126984126984 0.8131613756613756 0.0367063492063492 0.03571428571428571
0 0.968625992063492 0.7906746031746031 0.030009920634920632 0.027116402116402115
0 0.9201388888888888 0.5411706349206349 0.03819444444444444 0.039351851851851846
0 0.9356398809523809 0.5810185185185185 0.028521825396825396 0.046957671957671955
0 0.9739583333333333 0.593584656084656 0.027777777777777776 0.027777777777777776
0 0.8783482142857142 0.46494708994708994 0.0339781746031746 0.0291005291005291
0 0.7836061507936507 0.4227843915343915 0.017609126984126984 0.02943121693121693
0 0.8031994047619048 0.4227843915343915 0.01909722222222222 0.023478835978835978
0 0.7341269841269841 0.5186838624338624 0.023809523809523808 0.03009259259259259
