0 0.8309771825396824 0.738095238095238 0.03645833333333333 0.05952380952380952
0 0.7506200396825397 0.8409391534391534 0.030009920634920632 0.0496031746031746
0 0.6763392857142857 0.843584656084656 0.039186507936507936 0.05092592592592592
0 0.7039930555555555 0.9171626984126984 0.035962301587301584 0.05853174603174603
0 0.8028273809523809 0.9591600529100529 0.03422619047619047 0.028108465608465607
0 0.7862103174603174 0.8812830687830687 0.03273809523809523 0.04497354497354497
0 0.8225446428571428 0.9401455026455026 0.04092261904761905 0.036375661375661374
0 0.8353174603174602 0.8688822751322751 0.017361111111111112 0.04464285714285714
0 0.8540426587301587 0.8854166666666666 0.022569444444444444 0.026785714285714284
0 0.626984126984127 0.7103174603174602 0.01984126984126984 0.05357142857142857
0 0.5590277777777778 0.7288359788359788 0.03968253968253968 0.04365079365079365
0 0.5130208333333333 0.6660052910052909 0.03695436507936508 0.032407407407407406
0 0.6402529761904762 0.679563492063492 0.030009920634920632 0.0496031746031746
0 0.6200396825396826 0.6035052910052909 0.028769841269841268 0.046296296296296294
0 0.6001984126984127 0.5904431216931216 0.02132936507936508 0.05191798941798942
0 0.3570188492063492 0.548611111111111 0.0339781746031746 0.03373015873015873
0 0.21329365079365079 0.24074074074074073 0.030257936507936505 0.046296296296296294
0 0.21738591269841268 0.5396825396825397 0.027529761904761904 0.036375661375661374
