0 0.5606398809523809 0.11342592592592592 0.031001984126984124 0.023148148148148147
0 0.5907738095238095 0.11524470899470898 0.013888888888888888 0.030753968253968252
0 0.43117559523809523 0.0658068783068783 0.021577380952380952 0.021164021164021163
0 0.3958333333333333 0.13574735449735448 0.013888888888888888 0.038029100529100524
0 0.3563988095238095 0.15492724867724866 0.02827380952380952 0.026124338624338623
0 0.36173115079365076 0.20337301587301587 0.022073412698412696 0.028439153439153438
0 0.44246031746031744 0.09308862433862433 0.019345238095238096 0.015542328042328041
0 0.42695932539682535 0.1281415343915344 0.01810515873015873 0.02414021164021164
0 0.3954613095238095 0.17592592592592593 0.013640873015873016 0.017195767195767195
0 0.38541666666666663 0.1884920634920635 0.00992063492063492 0.031746031746031744
0 0.5270337301587301 0.259755291005291 0.025297619047619048 0.02546296296296296
0 0.5695684523809523 0.2804232804232804 0.02802579365079365 0.04034391534391534
0 0.4997519841269841 0.2709986772486772 0.0248015873015873 0.034722222222222224
0 0.4681299603174603 0.3063822751322751 0.016121031746031744 0.034060846560846555
0 0.4427083333333333 0.26967592592592593 0.015873015873015872 0.027447089947089946
0 0.41059027777777773 0.2286706349206349 0.027033730158730156 0.013558201058201057
0 0.441344246031746 0.21527777777777776 0.019593253968253968 0.017857142857142856
0 0.39471726190476186 0.32407407407407407 0.01909722222222222 0.0291005291005291
0 0.5003720238095238 0.3308531746031746 0.01810515873015873 0.03736772486772487
0 0.4872271825396825 0.40674603174603174 0.015625 0.0291005291005291
0 0.5219494047619048 0.36491402116402116 0.01413690476190476 0.026124338624338623
0 0.5593998015873015 0.3776455026455026 0.033482142857142856 0.0205026455026455
0 0.5409226190476191 0.36789021164021163 0.013392857142857142 0.018849206349206348
0 0.6343005952380952 0.4229497354497354 0.027529761904761904 0.031746031746031744
0 0.5524553571428571 0.44064153439153436 0.025049603174603172 0.016203703703703703
0 0.5750248015873015 0.45205026455026454 0.02405753968253968 0.015873015873015872
0 0.578000992063492 0.46957671957671954 0.029513888888888888 0.017857142857142856
0 0.554563492063492 0.4661044973544973 0.01488095238095238 0.03273809523809523
0 0.5047123015873015 0.5082671957671957 0.026289682539682536 0.03439153439153439
0 0.47284226190476186 0.4743716931216931 0.029513888888888888 0.02017195767195767
0 0.48127480158730157 0.44692460317460314 0.017609126984126984 0.022817460317460316
0 0.4596974206349206 0.5001653439153438 0.022569444444444444 0.023478835978835978
0 0.4913194444444444 0.6061507936507936 0.01984126984126984 0.02513227513227513
0 0.5131448412698413 0.5952380952380952 0.020337301587301584 0.03373015873015873
0 0.44146825396825395 0.6216931216931216 0.01984126984126984 0.021825396825396824
0 0.4640376984126984 0.6469907407407407 0.027281746031746032 0.016865079365079364
0 0.47023809523809523 0.6995701058201058 0.031746031746031744 0.022817460317460316
0 0.4396081349206349 0.7387566137566137 0.019593253968253968 0.03306878306878307
0 0.4429563492063492 0.7718253968253967 0.02827380952380952 0.026455026455026454
0 0.4575892857142857 0.7275132275132274 0.008928571428571428 0.032407407407407406
0 0.4729662698412698 0.7278439153439153 0.016865079365079364 0.017195767195767195
0 0.5028521825396826 0.8125 0.03050595238095238 0.01984126984126984
0 0.4325396825396825 0.8875661375661376 0.023809523809523808 0.026455026455026454
0 0.4852430555555555 0.9459325396825397 0.022569444444444444 0.016865079365079364
0 0.5022321428571428 0.9212962962962963 0.021825396825396824 0.01984126984126984
0 0.5257936507936508 0.9871031746031745 0.022817460317460316 0.013227513227513227
0 0.5534474206349206 0.9742063492063492 0.015625 0.026455026455026454
0 0.5633680555555555 0.9816468253968254 0.012152777777777776 0.036044973544973546
0 0.5395585317460317 0.9075727513227513 0.012152777777777776 0.039351851851851846
0 0.5337301587301587 0.8452380952380952 0.014384920634920634 0.027777777777777776
0 0.5244295634920635 0.8316798941798942 0.013144841269841268 0.027116402116402115
0 0.45287698412698413 0.9163359788359788 0.011408730158730158 0.036375661375661374
0 0.5737847222222222 0.9133597883597883 0.012152777777777776 0.031746031746031744
0 0.5523313492063492 0.8629298941798942 0.023313492063492064 0.01488095238095238
0 0.556423611111111 0.8151455026455026 0.015128968253968252 0.026455026455026454
0 0.5510912698412698 0.8501984126984127 0.010416666666666666 0.022486772486772486
0 0.5004960317460317 0.7025462962962963 0.014384920634920634 0.027447089947089946
0 0.5132688492063492 0.6827050264550264 0.021081349206349204 0.01488095238095238
0 0.5221974206349206 0.6605489417989417 0.018601190476190476 0.02414021164021164
0 0.554563492063492 0.6527777777777778 0.015873015873015872 0.028439153439153438
0 0.5509672619047619 0.6817129629629629 0.017609126984126984 0.018187830687830687
0 0.5240575396825397 0.7379298941798942 0.011904761904761904 0.02943121693121693
0 0.5378224206349206 0.7347883597883598 0.01413690476190476 0.025793650793650792
0 0.6154513888888888 0.6197089947089947 0.027529761904761904 0.01521164021164021
0 0.6372767857142857 0.6048280423280423 0.023561507936507936 0.021164021164021163
0 0.661954365079365 0.5603505291005291 0.017857142857142856 0.03141534391534391
0 0.578000992063492 0.5785383597883598 0.017113095238095236 0.03009259259259259
0 0.5792410714285714 0.6140873015873015 0.022073412698412696 0.0291005291005291
0 0.6117311507936508 0.5778769841269841 0.017113095238095236 0.02414021164021164
0 0.583953373015873 0.5456349206349206 0.01810515873015873 0.017195767195767195
0 0.582093253968254 0.21097883597883596 0.027777777777777776 0.027116402116402115
0 0.630704365079365 0.25148809523809523 0.013392857142857142 0.030753968253968252
0 0.6383928571428571 0.28637566137566134 0.017361111111111112 0.02513227513227513
0 0.654265873015873 0.8174603174603174 0.016865079365079364 0.042328042328042326
0 0.6281001984126984 0.9704034391534391 0.022073412698412696 0.04398148148148148
0 0.7694692460317459 0.7898478835978836 0.01909722222222222 0.03538359788359788
0 0.8139880952380952 0.691468253968254 0.01984126984126984 0.042328042328042326
0 0.693328373015873 0.810515873015873 0.022073412698412696 0.026455026455026454
0 0.8430059523809523 0.8480489417989417 0.026785714285714284 0.027447089947089946
0 0.7810019841269841 0.710813492063492 0.010416666666666666 0.03736772486772487
0 0.786954365079365 0.6109457671957672 0.027777777777777776 0.021494708994708994
0 0.7641369047619048 0.5281084656084656 0.019345238095238096 0.03439153439153439
