0 0.49826388888888884 0.07919973544973545 0.020337301587301584 0.04265873015873016
0 0.48127480158730157 0.07357804232804233 0.016617063492063492 0.03869047619047619
0 0.494171626984127 0.11226851851851852 0.023561507936507936 0.034060846560846555
0 0.5078125 0.22470238095238093 0.015625 0.03538359788359788
0 0.5282738095238095 0.269510582010582 0.0183531746031746 0.03902116402116402
0 0.45238095238095233 0.36954365079365076 0.028769841269841268 0.03273809523809523
0 0.5394345238095237 0.38541666666666663 0.015376984126984126 0.03538359788359788
0 0.6103670634920635 0.4708994708994709 0.03125 0.01984126984126984
0 0.6593501984126984 0.4575066137566137 0.015128968253968252 0.034722222222222224
0 0.4375 0.5500992063492063 0.02232142857142857 0.0333994708994709
0 0.4417162698412698 0.5849867724867724 0.031746031746031744 0.018518518518518517
0 0.48363095238095233 0.6188822751322751 0.023313492063492064 0.038029100529100524
0 0.46044146825396826 0.6175595238095237 0.02554563492063492 0.017526455026455025
0 0.4594494047619047 0.7427248677248677 0.02306547619047619 0.037037037037037035
0 0.5672123015873015 0.8240740740740741 0.02132936507936508 0.05026455026455026
0 0.6648065476190476 0.8235780423280423 0.033482142857142856 0.03141534391534391
0 0.6436011904761905 0.7237103174603174 0.02232142857142857 0.036044973544973546
0 0.46775793650793646 0.8252314814814814 0.022817460317460316 0.016203703703703703
0 0.45027281746031744 0.8062169312169312 0.01066468253968254 0.037698412698412696
0 0.4559771825396825 0.784887566137566 0.016121031746031744 0.03207671957671958
0 0.5068204365079365 0.7883597883597884 0.015128968253968252 0.037698412698412696
0 0.49206349206349204 0.8149801587301587 0.0248015873015873 0.022817460317460316
0 0.6877480158730158 0.9378306878306878 0.025793650793650792 0.047619047619047616
0 0.6507936507936507 0.9490740740740741 0.015873015873015872 0.03835978835978836
0 0.597594246031746 0.9537037037037036 0.016617063492063492 0.022486772486772486
0 0.4556051587301587 0.9742063492063492 0.03125 0.037037037037037035
0 0.42919146825396826 0.8273809523809523 0.02058531746031746 0.02976190476190476
0 0.38950892857142855 0.8334986772486772 0.01810515873015873 0.02414021164021164
0 0.34151785714285715 0.8591269841269841 0.0183531746031746 0.023809523809523808
0 0.3583829365079365 0.8285383597883598 0.01240079365079365 0.036044973544973546
0 0.3423859126984127 0.8344907407407407 0.011160714285714284 0.034722222222222224
0 0.38256448412698413 0.7620701058201058 0.01810515873015873 0.034722222222222224
0 0.32440476190476186 0.7931547619047619 0.02232142857142857 0.02546296296296296
0 0.38430059523809523 0.8553240740740741 0.024553571428571428 0.01488095238095238
0 0.4150545634920635 0.861111111111111 0.013144841269841268 0.027116402116402115
0 0.35218253968253965 0.7473544973544973 0.020833333333333332 0.028439153439153438
0 0.3732638888888889 0.7504960317460317 0.019345238095238096 0.03141534391534391
0 0.36173115079365076 0.6317791005291005 0.02901785714285714 0.02414021164021164
0 0.33655753968253965 0.6071428571428571 0.023809523809523808 0.026455026455026454
0 0.36371527777777773 0.5871362433862434 0.013640873015873016 0.02943121693121693
0 0.36855158730158727 0.5329034391534391 0.01488095238095238 0.03273809523809523
0 0.28261408730158727 0.445271164021164 0.02405753968253968 0.03538359788359788
0 0.2969990079365079 0.5127314814814814 0.02802579365079365 0.02414021164021164
0 0.38330853174603174 0.46312830687830686 0.016617063492063492 0.03207671957671958
0 0.24516369047619047 0.3212632275132275 0.015625 0.03009259259259259
0 0.28261408730158727 0.32605820105820105 0.018601190476190476 0.016534391534391533
0 0.31547619047619047 0.17013888888888887 0.026785714285714284 0.015542328042328041
0 0.30319940476190477 0.19328703703703703 0.021577380952380952 0.02414021164021164
0 0.31237599206349204 0.24222883597883596 0.01909722222222222 0.021494708994708994
0 0.35280257936507936 0.30770502645502645 0.02058531746031746 0.020833333333333332
