0 0.6396329365079365 0.07506613756613756 0.02827380952380952 0.028439153439153438
0 0.6536458333333333 0.0830026455026455 0.02802579365079365 0.01917989417989418
0 0.6207837301587301 0.15162037037037035 0.025297619047619048 0.03207671957671958
0 0.640625 0.2005621693121693 0.0248015873015873 0.03869047619047619
0 0.6026785714285714 0.15393518518518517 0.016865079365079364 0.03736772486772487
0 0.5829613095238095 0.12566137566137564 0.02554563492063492 0.02513227513227513
0 0.5229414682539683 0.1324404761904762 0.012648809523809524 0.036044973544973546
0 0.704861111111111 0.32539682539682535 0.03869047619047619 0.03306878306878307
0 0.7745535714285714 0.19923941798941797 0.03422619047619047 0.02017195767195767
0 0.7316468253968254 0.39616402116402116 0.026289682539682536 0.03968253968253968
0 0.6925843253968254 0.37466931216931215 0.025049603174603172 0.032407407407407406
0 0.665922619047619 0.36094576719576715 0.013888888888888888 0.03538359788359788
0 0.634672619047619 0.35962301587301587 0.028769841269841268 0.023478835978835978
0 0.644345238095238 0.4495701058201058 0.0248015873015873 0.02546296296296296
0 0.6543898809523809 0.47205687830687826 0.012152777777777776 0.03538359788359788
0 0.650173611111111 0.5248015873015873 0.026537698412698412 0.016534391534391533
0 0.6701388888888888 0.5568783068783069 0.030753968253968252 0.01984126984126984
0 0.673859126984127 0.5753968253968254 0.030753968253968252 0.012566137566137565
0 0.6274801587301587 0.5596891534391534 0.020337301587301584 0.02017195767195767
0 0.6285962301587301 0.5410052910052909 0.018601190476190476 0.027116402116402115
0 0.6049107142857143 0.49189814814814814 0.017361111111111112 0.023478835978835978
0 0.6352926587301587 0.5021494708994708 0.027033730158730156 0.016865079365079364
0 0.6164434523809523 0.4664351851851852 0.012648809523809524 0.03207671957671958
0 0.609375 0.4196428571428571 0.024305555555555552 0.016534391534391533
0 0.6104910714285714 0.3988095238095238 0.015625 0.02513227513227513
0 0.6262400793650793 0.4480820105820106 0.010416666666666666 0.02976190476190476
0 0.5915178571428571 0.32870370370370366 0.011408730158730158 0.037037037037037035
0 0.6008184523809523 0.2961309523809524 0.01413690476190476 0.034722222222222224
0 0.6169394841269841 0.32936507936507936 0.008680555555555556 0.010582010582010581
0 0.5205853174603174 0.6722883597883598 0.04464285714285714 0.04365079365079365
0 0.6355406746031745 0.6858465608465608 0.03050595238095238 0.031746031746031744
0 0.6703869047619048 0.7643849206349206 0.019345238095238096 0.04398148148148148
0 0.6721230158730158 0.8009259259259259 0.017361111111111112 0.037698412698412696
0 0.6872519841269841 0.8110119047619048 0.020833333333333332 0.028769841269841268
0 0.7141617063492063 0.8664021164021164 0.021081349206349204 0.017195767195767195
0 0.7916666666666666 0.9031084656084656 0.020833333333333332 0.036375661375661374
0 0.759796626984127 0.9022817460317459 0.030009920634920632 0.023478835978835978
0 0.7425595238095237 0.7723214285714285 0.02976190476190476 0.016865079365079364
0 0.8681795634920635 0.7642195767195766 0.02058531746031746 0.03968253968253968
0 0.9057539682539683 0.7637235449735449 0.01488095238095238 0.026785714285714284
0 0.9020337301587301 0.7329695767195766 0.026785714285714284 0.021494708994708994
0 0.8975694444444444 0.6107804232804233 0.018849206349206348 0.0291005291005291
0 0.9298115079365079 0.5823412698412698 0.021825396825396824 0.023809523809523808
0 0.9191468253968254 0.6084656084656084 0.024305555555555552 0.015873015873015872
0 0.8692956349206349 0.5474537037037037 0.013392857142857142 0.028769841269841268
0 0.861111111111111 0.5573743386243386 0.01240079365079365 0.03273809523809523
