0 0.6427331349206349 0.2921626984126984 0.020089285714285712 0.034722222222222224
0 0.5721726190476191 0.2457010582010582 0.016865079365079364 0.03505291005291005
0 0.6726190476190476 0.2683531746031746 0.015376984126984126 0.0333994708994709
0 0.6455853174603174 0.44923941798941797 0.023809523809523808 0.034722222222222224
0 0.6875 0.5138888888888888 0.02232142857142857 0.032407407407407406
0 0.5190972222222222 0.2666997354497354 0.010416666666666666 0.03273809523809523
0 0.5438988095238095 0.24454365079365079 0.016369047619047616 0.04133597883597884
0 0.5560515873015873 0.2953042328042328 0.023809523809523808 0.0291005291005291
0 0.543030753968254 0.2825727513227513 0.02058531746031746 0.020833333333333332
0 0.5327380952380952 0.3091931216931217 0.014384920634920634 0.028439153439153438
0 0.5376984126984127 0.3368055555555555 0.014384920634920634 0.028108465608465607
0 0.5837053571428571 0.3839285714285714 0.02554563492063492 0.02447089947089947
0 0.5469990079365079 0.39732142857142855 0.01413690476190476 0.028108465608465607
0 0.5343501984126984 0.3880621693121693 0.011160714285714284 0.02546296296296296
0 0.48325892857142855 0.3501984126984127 0.019593253968253968 0.026455026455026454
0 0.4966517857142857 0.273478835978836 0.02058531746031746 0.0205026455026455
0 0.46701388888888884 0.4246031746031746 0.019345238095238096 0.03306878306878307
0 0.5230654761904762 0.39847883597883593 0.02132936507936508 0.02513227513227513
0 0.5178571428571428 0.41468253968253965 0.021825396825396824 0.02513227513227513
0 0.5109126984126984 0.4993386243386243 0.02827380952380952 0.026455026455026454
0 0.5035962301587301 0.48230820105820105 0.011656746031746032 0.026785714285714284
0 0.49888392857142855 0.4672619047619047 0.018601190476190476 0.01984126984126984
0 0.4868551587301587 0.4644510582010582 0.018849206349206348 0.021494708994708994
0 0.5049603174603174 0.4442791005291005 0.013392857142857142 0.02546296296296296
0 0.5513392857142857 0.45866402116402116 0.013888888888888888 0.03505291005291005
0 0.5358382936507936 0.4211309523809524 0.009672619047619048 0.03009259259259259
0 0.5478670634920635 0.43039021164021163 0.012896825396825396 0.022156084656084655
0 0.49045138888888884 0.38244047619047616 0.011656746031746032 0.026785714285714284
0 0.5055803571428571 0.3870701058201058 0.018601190476190476 0.022156084656084655
0 0.494047619047619 0.41038359788359785 0.014384920634920634 0.028439153439153438
0 0.6884920634920635 0.5522486772486772 0.015873015873015872 0.03968253968253968
0 0.7065972222222222 0.5069444444444444 0.01240079365079365 0.023809523809523808
0 0.7178819444444444 0.5190145502645502 0.010168650793650792 0.03273809523809523
0 0.7094494047619048 0.5360449735449735 0.018601190476190476 0.031084656084656083
0 0.7052331349206349 0.5658068783068783 0.015128968253968252 0.025793650793650792
0 0.7745535714285714 0.5537367724867724 0.016369047619047616 0.026124338624338623
0 0.7366071428571428 0.7065145502645502 0.016369047619047616 0.018187830687830687
0 0.7411954365079365 0.6817129629629629 0.015625 0.02017195767195767
0 0.7132936507936507 0.7278439153439153 0.020833333333333332 0.021825396825396824
0 0.677579365079365 0.8606150793650793 0.03422619047619047 0.03009259259259259
0 0.7372271825396824 0.9366732804232804 0.02554563492063492 0.02546296296296296
0 0.7046130952380952 0.9472552910052909 0.024305555555555552 0.0248015873015873
0 0.634672619047619 0.9289021164021164 0.017361111111111112 0.036375661375661374
0 0.605530753968254 0.8093584656084656 0.026041666666666664 0.02017195767195767
0 0.5492311507936508 0.8053902116402116 0.020089285714285712 0.028769841269841268
0 0.5456349206349206 0.7356150793650793 0.017857142857142856 0.03538359788359788
0 0.5804811507936508 0.6883267195767195 0.016617063492063492 0.018849206349206348
0 0.5732886904761905 0.6665013227513227 0.013640873015873016 0.02414021164021164
0 0.5835813492063492 0.9141865079365079 0.026289682539682536 0.026785714285714284
0 0.527405753968254 0.9523809523809523 0.015128968253968252 0.036375661375661374
0 0.5119047619047619 0.9360119047619047 0.011904761904761904 0.04133597883597884
0 0.44754464285714285 0.8397817460317459 0.023561507936507936 0.04398148148148148
