0 0.41803075396825395 0.40162037037037035 0.031001984126984124 0.05588624338624339
0 0.41567460317460314 0.4505621693121693 0.034722222222222224 0.03141534391534391
0 0.4909474206349206 0.4758597883597883 0.028521825396825396 0.03373015873015873
0 0.4099702380952381 0.47718253968253965 0.03273809523809523 0.03042328042328042
0 0.4402281746031746 0.5028108465608465 0.03521825396825397 0.030753968253968252
0 0.49714781746031744 0.6117724867724867 0.03050595238095238 0.04298941798941799
0 0.5342261904761905 0.5920965608465608 0.015873015873015872 0.04199735449735449
0 0.16927083333333331 0.20072751322751323 0.0404265873015873 0.02447089947089947
0 0.17237103174603174 0.053736772486772486 0.03571428571428571 0.0333994708994709
0 0.2313988095238095 0.2595899470899471 0.0248015873015873 0.01984126984126984
0 0.26116071428571425 0.2795965608465608 0.027281746031746032 0.03141534391534391
0 0.5752728174603174 0.3835978835978836 0.026537698412698412 0.021825396825396824
0 0.5150049603174602 0.39732142857142855 0.021081349206349204 0.034722222222222224
0 0.5814732142857143 0.3151455026455026 0.026537698412698412 0.0291005291005291
0 0.587673611111111 0.5076058201058201 0.026537698412698412 0.016534391534391533
0 0.589657738095238 0.5428240740740741 0.026537698412698412 0.038029100529100524
0 0.6743551587301587 0.5881283068783069 0.02232142857142857 0.04199735449735449
0 0.7065972222222222 0.6044973544973544 0.0183531746031746 0.032407407407407406
0 0.24466765873015872 0.4507275132275132 0.023561507936507936 0.046957671957671955
0 0.1259920634920635 0.6593915343915343 0.025297619047619048 0.03968253968253968
0 0.3187003968253968 0.519510582010582 0.04563492063492063 0.021825396825396824
0 0.31473214285714285 0.5577050264550264 0.026289682539682536 0.04464285714285714
0 0.34164186507936506 0.7371031746031745 0.03943452380952381 0.0291005291005291
0 0.2943948412698413 0.6329365079365079 0.015376984126984126 0.03968253968253968
0 0.26512896825396826 0.673776455026455 0.013888888888888888 0.043320105820105814
0 0.27839781746031744 0.6696428571428571 0.012152777777777776 0.041005291005291
0 0.28955853174603174 0.7217261904761905 0.022073412698412696 0.04464285714285714
0 0.2942708333333333 0.8258928571428571 0.014632936507936508 0.04265873015873016
0 0.2917906746031746 0.7900132275132274 0.028521825396825396 0.023148148148148147
0 0.47817460317460314 0.9747023809523809 0.029265873015873016 0.02943121693121693
0 0.4463045634920635 0.9613095238095237 0.035962301587301584 0.028439153439153438
0 0.6469494047619048 0.9287367724867724 0.027529761904761904 0.059193121693121686
0 0.6742311507936507 0.849371693121693 0.017609126984126984 0.036044973544973546
0 0.6708829365079365 0.8245701058201058 0.030753968253968252 0.03538359788359788
