0 0.20089285714285712 0.17526455026455026 0.025297619047619048 0.028439153439153438
0 0.05344742063492063 0.22734788359788358 0.01810515873015873 0.02546296296296296
0 0.18353174603174602 0.4087301587301587 0.023313492063492064 0.03439153439153439
0 0.21701388888888887 0.41782407407407407 0.030257936507936505 0.022156084656084655
0 0.24330357142857142 0.4247685185185185 0.0248015873015873 0.021494708994708994
0 0.296875 0.39302248677248675 0.021825396825396824 0.0333994708994709
0 0.26252480158730157 0.3726851851851852 0.03249007936507936 0.018518518518518517
0 0.2476438492063492 0.49801587301587297 0.016121031746031744 0.03373015873015873
0 0.23288690476190474 0.46329365079365076 0.023809523809523808 0.027116402116402115
0 0.19394841269841268 0.4436177248677248 0.0248015873015873 0.021494708994708994
0 0.21564980158730157 0.43617724867724866 0.02058531746031746 0.023148148148148147
0 0.23697916666666666 0.44064153439153436 0.02802579365079365 0.02943121693121693
0 0.37289186507936506 0.44923941798941797 0.017113095238095236 0.022156084656084655
0 0.3900049603174603 0.45138888888888884 0.012648809523809524 0.03835978835978836
0 0.39670138888888884 0.41798941798941797 0.013144841269841268 0.03373015873015873
0 0.4107142857142857 0.4098875661375661 0.01488095238095238 0.02943121693121693
0 0.5364583333333333 0.45221560846560843 0.0248015873015873 0.02017195767195767
0 0.4300595238095238 0.46511243386243384 0.018849206349206348 0.030753968253968252
0 0.3993055555555555 0.5884589947089947 0.015376984126984126 0.04265873015873016
0 0.5394345238095237 0.5578703703703703 0.020833333333333332 0.017857142857142856
0 0.5446428571428571 0.5939153439153438 0.023313492063492064 0.015873015873015872
0 0.6156994047619048 0.625 0.01413690476190476 0.03439153439153439
0 0.5674603174603174 0.6832010582010581 0.026785714285714284 0.02447089947089947
0 0.5205853174603174 0.6377314814814814 0.0248015873015873 0.022817460317460316
0 0.2926587301587301 0.6603835978835978 0.021825396825396824 0.036375661375661374
0 0.2833581349206349 0.6087962962962963 0.015128968253968252 0.03571428571428571
0 0.2717013888888889 0.6916335978835978 0.013144841269841268 0.03207671957671958
0 0.26103670634920634 0.7104828042328042 0.015625 0.03273809523809523
0 0.5756448412698413 0.8802910052910052 0.02827380952380952 0.037698412698412696
0 0.6008184523809523 0.8209325396825397 0.02554563492063492 0.036044973544973546
0 0.6040426587301587 0.8490410052910052 0.02405753968253968 0.03009259259259259
0 0.6214037698412698 0.8381283068783069 0.015625 0.021494708994708994
0 0.43700396825396826 0.9434523809523809 0.02232142857142857 0.026455026455026454
0 0.2693452380952381 0.9748677248677248 0.018849206349206348 0.03571428571428571
0 0.3074156746031746 0.798611111111111 0.021081349206349204 0.026455026455026454
0 0.28757440476190477 0.8194444444444444 0.013640873015873016 0.03968253968253968
0 0.32006448412698413 0.7336309523809523 0.01810515873015873 0.026124338624338623
0 0.2777777777777778 0.7566137566137565 0.021825396825396824 0.025793650793650792
0 0.3013392857142857 0.7485119047619048 0.015873015873015872 0.026785714285714284
