0 0.574280753968254 0.8296957671957671 0.031001984126984124 0.04497354497354497
0 0.45213293650793646 0.7101521164021164 0.027281746031746032 0.04596560846560846
0 0.4673859126984127 0.9376653439153438 0.02554563492063492 0.03207671957671958
0 0.6321924603174602 0.8128306878306878 0.030257936507936505 0.03306878306878307
0 0.6329365079365079 0.8392857142857142 0.026289682539682536 0.04365079365079365
0 0.5539434523809523 0.6258267195767195 0.012648809523809524 0.04265873015873016
0 0.564484126984127 0.5479497354497355 0.03273809523809523 0.026455026455026454
0 0.6428571428571428 0.6116071428571428 0.017857142857142856 0.04464285714285714
0 0.6174355158730158 0.6631944444444444 0.029513888888888888 0.04067460317460317
0 0.38405257936507936 0.4376653439153439 0.03149801587301587 0.03009259259259259
0 0.392609126984127 0.45882936507936506 0.02827380952380952 0.02017195767195767
0 0.46391369047619047 0.527281746031746 0.0339781746031746 0.04199735449735449
0 0.4151785714285714 0.41005291005291 0.025793650793650792 0.02976190476190476
0 0.40687003968253965 0.3784722222222222 0.017609126984126984 0.040013227513227514
0 0.31225198412698413 0.3559854497354497 0.023313492063492064 0.023478835978835978
0 0.2568204365079365 0.40625 0.034970238095238096 0.014219576719576719
0 0.24925595238095236 0.4264219576719577 0.025297619047619048 0.03009259259259259
0 0.26525297619047616 0.46329365079365076 0.021081349206349204 0.036375661375661374
0 0.2659970238095238 0.5112433862433862 0.025049603174603172 0.03571428571428571
0 0.3029513888888889 0.5907738095238095 0.016617063492063492 0.028108465608465607
0 0.353546626984127 0.7404100529100529 0.03149801587301587 0.0205026455026455
0 0.28087797619047616 0.6861772486772486 0.0091765873015873 0.04034391534391534
0 0.2915426587301587 0.6785714285714285 0.008680555555555556 0.03571428571428571
0 0.308531746031746 0.8040674603174602 0.011904761904761904 0.03538359788359788
0 0.32787698412698413 0.7881944444444444 0.02132936507936508 0.028108465608465607
0 0.31994047619047616 0.7605820105820106 0.015873015873015872 0.0291005291005291
0 0.29675099206349204 0.7452050264550264 0.02058531746031746 0.02943121693121693
0 0.306547619047619 0.7182539682539683 0.013888888888888888 0.031084656084656083
0 0.2891865079365079 0.9695767195767195 0.015873015873015872 0.03968253968253968
0 0.1970486111111111 0.4001322751322751 0.012648809523809524 0.027116402116402115
0 0.2109375 0.43535052910052907 0.009672619047619048 0.017526455026455025
0 0.283110119047619 0.35119047619047616 0.028521825396825396 0.013888888888888888
0 0.1956845238095238 0.320271164021164 0.020833333333333332 0.034722222222222224
0 0.3831845238095238 0.22354497354497355 0.013888888888888888 0.027116402116402115
0 0.21465773809523808 0.14732142857142858 0.024553571428571428 0.022156084656084655
0 0.06832837301587301 0.20304232804232802 0.016617063492063492 0.031746031746031744
