0 0.6597222222222222 0.03571428571428571 0.01984126984126984 0.04365079365079365
0 0.7098214285714285 0.023478835978835978 0.017857142857142856 0.037698412698412696
0 0.6507936507936507 0.15277777777777776 0.018849206349206348 0.041666666666666664
0 0.7078373015873015 0.17939814814814814 0.019345238095238096 0.0367063492063492
0 0.7130456349206349 0.23974867724867724 0.016369047619047616 0.041666666666666664
0 0.7327628968253967 0.3447420634920635 0.022569444444444444 0.03869047619047619
0 0.7385912698412698 0.40922619047619047 0.03224206349206349 0.02414021164021164
0 0.703125 0.4715608465608465 0.01984126984126984 0.03902116402116402
0 0.716765873015873 0.501818783068783 0.020833333333333332 0.03273809523809523
0 0.6858878968253967 0.5209986772486772 0.03943452380952381 0.02414021164021164
0 0.648313492063492 0.5006613756613756 0.030753968253968252 0.017857142857142856
0 0.5713045634920635 0.45783730158730157 0.02901785714285714 0.03538359788359788
0 0.3984375 0.3741732804232804 0.01810515873015873 0.028769841269841268
0 0.5079365079365079 0.2781084656084656 0.01240079365079365 0.037037037037037035
0 0.5131448412698413 0.3093584656084656 0.016369047619047616 0.03207671957671958
0 0.3836805555555555 0.32705026455026454 0.02232142857142857 0.03968253968253968
0 0.40451388888888884 0.22668650793650794 0.028769841269841268 0.030753968253968252
0 0.4600694444444444 0.1541005291005291 0.02232142857142857 0.025793650793650792
0 0.4802827380952381 0.10300925925925926 0.01413690476190476 0.022156084656084655
0 0.4577132936507936 0.10763888888888888 0.018601190476190476 0.030753968253968252
0 0.4838789682539682 0.15476190476190477 0.023809523809523808 0.01917989417989418
0 0.41468253968253965 0.4662698412698412 0.022817460317460316 0.032407407407407406
0 0.40240575396825395 0.47718253968253965 0.019593253968253968 0.04298941798941799
0 0.4056299603174603 0.558531746031746 0.015128968253968252 0.03835978835978836
0 0.4210069444444444 0.5825066137566137 0.023561507936507936 0.039351851851851846
0 0.49689980158730157 0.582010582010582 0.022073412698412696 0.03373015873015873
0 0.5519593253968254 0.6927910052910052 0.021081349206349204 0.056878306878306875
0 0.5709325396825397 0.6593915343915343 0.0248015873015873 0.04828042328042328
0 0.6295882936507936 0.6623677248677249 0.03794642857142857 0.04034391534391534
0 0.5250496031746031 0.8217592592592592 0.02232142857142857 0.03306878306878307
0 0.4880952380952381 0.7359457671957672 0.028769841269841268 0.03207671957671958
0 0.534970238095238 0.9851190476190476 0.027281746031746032 0.0291005291005291
0 0.5750248015873015 0.9866071428571428 0.030009920634920632 0.026124338624338623
0 0.7297867063492063 0.6701388888888888 0.03844246031746031 0.038029100529100524
0 0.7485119047619048 0.5925925925925926 0.023809523809523808 0.02976190476190476
0 0.7549603174603174 0.6335978835978836 0.030753968253968252 0.03373015873015873
