0 0.5567956349206349 0.03654100529100529 0.008928571428571428 0.04199735449735449
0 0.5435267857142857 0.07688492063492063 0.012648809523809524 0.0248015873015873
0 0.5068204365079365 0.03306878306878307 0.02058531746031746 0.021825396825396824
0 0.5004960317460317 0.10846560846560846 0.010912698412698412 0.03042328042328042
0 0.5261656746031745 0.17394179894179893 0.017113095238095236 0.027777777777777776
0 0.5028521825396826 0.22552910052910052 0.019593253968253968 0.028439153439153438
0 0.5179811507936508 0.0775462962962963 0.015128968253968252 0.0248015873015873
0 0.5252976190476191 0.09523809523809523 0.01984126984126984 0.015873015873015872
0 0.517361111111111 0.11375661375661375 0.016865079365079364 0.017195767195767195
0 0.49813988095238093 0.14632936507936506 0.013640873015873016 0.034060846560846555
0 0.5491071428571428 0.3361441798941799 0.019345238095238096 0.027447089947089946
0 0.6066468253968254 0.2610780423280423 0.015376984126984126 0.030753968253968252
0 0.5618799603174602 0.3792989417989418 0.013144841269841268 0.037698412698412696
0 0.5388144841269841 0.36094576719576715 0.02554563492063492 0.022817460317460316
0 0.5286458333333333 0.3806216931216931 0.017113095238095236 0.021825396825396824
0 0.5600198412698413 0.4768518518518518 0.031746031746031744 0.0205026455026455
0 0.5565476190476191 0.535218253968254 0.0183531746031746 0.030753968253968252
0 0.4603174603174603 0.6025132275132274 0.026785714285714284 0.03571428571428571
0 0.439360119047619 0.6200396825396826 0.021081349206349204 0.04298941798941799
0 0.4782986111111111 0.6646825396825397 0.02405753968253968 0.037037037037037035
0 0.5333581349206349 0.6165674603174602 0.030009920634920632 0.023478835978835978
0 0.5698164682539683 0.6964285714285714 0.01909722222222222 0.031084656084656083
0 0.3933531746031746 0.7394179894179894 0.016865079365079364 0.03902116402116402
0 0.5034722222222222 0.7905092592592592 0.02132936507936508 0.036044973544973546
0 0.4743303571428571 0.8285383597883598 0.02306547619047619 0.043320105820105814
0 0.49020337301587297 0.8852513227513227 0.021081349206349204 0.037698412698412696
0 0.538938492063492 0.894510582010582 0.017857142857142856 0.03835978835978836
0 0.5224454365079365 0.8877314814814814 0.014632936507936508 0.03869047619047619
0 0.5122767857142857 0.9067460317460317 0.015128968253968252 0.032407407407407406
0 0.3214285714285714 0.9522156084656084 0.0183531746031746 0.028108465608465607
0 0.2891865079365079 0.8888888888888888 0.013392857142857142 0.03042328042328042
0 0.26686507936507936 0.8088624338624338 0.025297619047619048 0.023148148148148147
0 0.32167658730158727 0.7060185185185185 0.017857142857142856 0.027777777777777776
0 0.3273809523809524 0.5844907407407407 0.01240079365079365 0.021494708994708994
0 0.30592757936507936 0.6570767195767195 0.014632936507936508 0.01917989417989418
0 0.34362599206349204 0.44163359788359785 0.016617063492063492 0.0333994708994709
0 0.3603670634920635 0.43634259259259256 0.016865079365079364 0.0333994708994709
0 0.34027777777777773 0.39715608465608465 0.02232142857142857 0.037698412698412696
0 0.3916170634920635 0.38872354497354494 0.0183531746031746 0.03207671957671958
0 0.36879960317460314 0.3587962962962963 0.026785714285714284 0.023148148148148147
0 0.35925099206349204 0.2815806878306878 0.025049603174603172 0.026124338624338623
