0 0.5372023809523809 0.03356481481481481 0.020337301587301584 0.028769841269841268
0 0.5679563492063492 0.08217592592592592 0.02976190476190476 0.03273809523809523
0 0.5203373015873015 0.08647486772486772 0.019345238095238096 0.02943121693121693
0 0.4986359126984127 0.09077380952380952 0.02405753968253968 0.03009259259259259
0 0.5555555555555556 0.11408730158730158 0.0248015873015873 0.027116402116402115
0 0.5178571428571428 0.16881613756613756 0.01488095238095238 0.04265873015873016
0 0.5174851190476191 0.12533068783068782 0.017609126984126984 0.03373015873015873
0 0.535218253968254 0.18898809523809523 0.0183531746031746 0.0367063492063492
0 0.5319940476190476 0.30687830687830686 0.0183531746031746 0.0291005291005291
0 0.5726686507936508 0.34523809523809523 0.023809523809523808 0.03571428571428571
0 0.5419146825396826 0.40178571428571425 0.021825396825396824 0.046296296296296294
0 0.5901537698412698 0.3902116402116402 0.020089285714285712 0.03902116402116402
0 0.5595238095238095 0.47900132275132273 0.017361111111111112 0.036044973544973546
0 0.5189732142857143 0.4708994708994709 0.022073412698412696 0.02976190476190476
0 0.4001736111111111 0.40773809523809523 0.022073412698412696 0.04365079365079365
0 0.376860119047619 0.3723544973544973 0.02901785714285714 0.0205026455026455
0 0.36445932539682535 0.3420965608465608 0.029513888888888888 0.028769841269841268
0 0.4325396825396825 0.5345568783068783 0.023809523809523808 0.0367063492063492
0 0.45572916666666663 0.6223544973544973 0.02554563492063492 0.03306878306878307
0 0.4964037698412698 0.6195436507936508 0.031994047619047616 0.028108465608465607
0 0.4456845238095238 0.6433531746031745 0.033234126984126984 0.026785714285714284
0 0.3458581349206349 0.6706349206349206 0.019593253968253968 0.041005291005291
0 0.4585813492063492 0.7126322751322751 0.029265873015873016 0.022486772486772486
0 0.46490575396825395 0.8014219576719577 0.026041666666666664 0.04728835978835978
0 0.5234375 0.863095238095238 0.01909722222222222 0.04894179894179894
0 0.550595238095238 0.9768518518518517 0.01240079365079365 0.03835978835978836
0 0.5849454365079365 0.9841269841269841 0.02802579365079365 0.031084656084656083
0 0.533234126984127 0.9637896825396824 0.013888888888888888 0.04265873015873016
0 0.2839781746031746 0.8086970899470899 0.02132936507936508 0.02017195767195767
0 0.3179563492063492 0.7576058201058201 0.020833333333333332 0.04365079365079365
0 0.3193204365079365 0.703042328042328 0.023561507936507936 0.0205026455026455
