0 0.5391865079365079 0.27414021164021163 0.013888888888888888 0.03968253968253968
0 0.523313492063492 0.3177910052910053 0.018849206349206348 0.03902116402116402
0 0.4796626984126984 0.45783730158730157 0.020833333333333332 0.036044973544973546
0 0.478422619047619 0.4305555555555555 0.014384920634920634 0.03439153439153439
0 0.509548611111111 0.4031084656084656 0.030009920634920632 0.02513227513227513
0 0.47817460317460314 0.5064484126984127 0.010416666666666666 0.03869047619047619
0 0.488219246031746 0.5099206349206349 0.011656746031746032 0.03306878306878307
0 0.5333581349206349 0.6053240740740741 0.015128968253968252 0.030753968253968252
0 0.49454365079365076 0.6223544973544973 0.013392857142857142 0.04034391534391534
0 0.4939236111111111 0.585813492063492 0.015128968253968252 0.027447089947089946
0 0.5192212301587301 0.6674933862433862 0.013640873015873016 0.030753968253968252
0 0.5318700396825397 0.6291335978835978 0.02306547619047619 0.0248015873015873
0 0.44518849206349204 0.6870039682539683 0.020337301587301584 0.04398148148148148
0 0.5221974206349206 0.7528108465608465 0.013640873015873016 0.03869047619047619
0 0.4708581349206349 0.8043981481481481 0.017609126984126984 0.04794973544973545
0 0.48598710317460314 0.8521825396825397 0.023561507936507936 0.04431216931216931
0 0.5622519841269841 0.8083664021164021 0.023313492063492064 0.03736772486772487
0 0.5562996031746031 0.8411044973544973 0.019345238095238096 0.04596560846560846
0 0.7077132936507936 0.8098544973544973 0.02058531746031746 0.028439153439153438
0 0.35453869047619047 0.7215608465608465 0.027033730158730156 0.03373015873015873
0 0.31101190476190477 0.78125 0.0183531746031746 0.03736772486772487
0 0.3405257936507936 0.6797288359788359 0.03125 0.021494708994708994
