0 0.675843253968254 0.478505291005291 0.027281746031746032 0.022486772486772486
0 0.6986607142857143 0.46858465608465605 0.0248015873015873 0.015873015873015872
0 0.7194940476190476 0.46395502645502645 0.020337301587301584 0.01917989417989418
0 0.7445436507936507 0.4581679894179894 0.026289682539682536 0.018849206349206348
0 0.7859623015873015 0.4680886243386243 0.028769841269841268 0.023478835978835978
0 0.5763888888888888 0.4482473544973545 0.01984126984126984 0.02546296296296296
0 0.5360863095238095 0.3707010582010582 0.018601190476190476 0.031084656084656083
0 0.5572916666666666 0.376984126984127 0.016865079365079364 0.02976190476190476
0 0.40687003968253965 0.3159722222222222 0.03149801587301587 0.040013227513227514
0 0.513640873015873 0.13971560846560846 0.03273809523809523 0.030753968253968252
