0 0.8917410714285714 0.5970568783068783 0.03050595238095238 0.034060846560846555
0 0.8908730158730158 0.7876984126984127 0.026289682539682536 0.05423280423280423
0 0.11731150793650794 0.42526455026455023 0.03125 0.0291005291005291
0 0.2698412698412698 0.32622354497354494 0.022817460317460316 0.039351851851851846
0 0.2880704365079365 0.4464285714285714 0.027033730158730156 0.025793650793650792
0 0.04625496031746031 0.19427910052910052 0.021081349206349204 0.018187830687830687
0 0.06758432539682539 0.23462301587301587 0.01810515873015873 0.020833333333333332
0 0.6242559523809523 0.23412698412698413 0.027281746031746032 0.03373015873015873
0 0.5544394841269841 0.617063492063492 0.03298611111111111 0.03439153439153439
0 0.29166666666666663 0.5982142857142857 0.03571428571428571 0.037037037037037035
0 0.5336061507936508 0.44593253968253965 0.03546626984126984 0.040013227513227514
