0 0.4247271825396825 0.6116071428571428 0.027529761904761904 0.0367063492063492
0 0.4542410714285714 0.6101190476190476 0.035962301587301584 0.027777777777777776
0 0.5138888888888888 0.6069775132275131 0.03422619047619047 0.030753968253968252
0 0.5473710317460317 0.628968253968254 0.022817460317460316 0.04298941798941799
0 0.5724206349206349 0.59755291005291 0.0367063492063492 0.031746031746031744
0 0.6138392857142857 0.6154100529100529 0.024305555555555552 0.0291005291005291
0 0.6372767857142857 0.6106150793650793 0.026041666666666664 0.02414021164021164
0 0.7096974206349206 0.6362433862433862 0.02306547619047619 0.01984126984126984
0 0.7368551587301587 0.6352513227513227 0.026289682539682536 0.02513227513227513
0 0.7352430555555555 0.6162367724867724 0.029513888888888888 0.018849206349206348
0 0.7694692460317459 0.6183862433862434 0.025049603174603172 0.018518518518518517
0 0.8575148809523809 0.8364748677248677 0.026537698412698412 0.01951058201058201
