0 0.6419890873015872 0.5046296296296297 0.023561507936507936 0.037037037037037035
0 0.5590277777777778 0.5419973544973544 0.04067460317460317 0.03571428571428571
0 0.44246031746031744 0.44345238095238093 0.03125 0.01917989417989418
0 0.4956597222222222 0.4292328042328042 0.03794642857142857 0.04298941798941799
0 0.4603174603174603 0.46395502645502645 0.03869047619047619 0.02513227513227513
0 0.4995039682539682 0.4656084656084656 0.01488095238095238 0.03042328042328042
0 0.5192212301587301 0.4541997354497354 0.022073412698412696 0.018849206349206348
0 0.5131448412698413 0.4775132275132275 0.02232142857142857 0.026455026455026454
0 0.4749503968253968 0.49371693121693117 0.030257936507936505 0.0205026455026455
0 0.5864335317460317 0.46064814814814814 0.026041666666666664 0.01984126984126984
0 0.550843253968254 0.4895833333333333 0.026785714285714284 0.018849206349206348
0 0.2999751984126984 0.3493716931216931 0.029513888888888888 0.0248015873015873
