0 0.5853174603174602 0.5582010582010581 0.03571428571428571 0.041005291005291
0 0.7003968253968254 0.5958994708994708 0.030753968253968252 0.02976190476190476
0 0.540798611111111 0.5535714285714285 0.027529761904761904 0.027777777777777776
0 0.5169890873015873 0.533234126984127 0.021081349206349204 0.020833333333333332
0 0.49206349206349204 0.5183531746031745 0.02827380952380952 0.028769841269841268
0 0.49119543650793646 0.5376984126984127 0.02405753968253968 0.023148148148148147
0 0.4792906746031746 0.5428240740740741 0.022569444444444444 0.02546296296296296
0 0.4573412698412698 0.5471230158730158 0.023313492063492064 0.026785714285714284
0 0.46937003968253965 0.5196759259259259 0.022073412698412696 0.020833333333333332
0 0.45535714285714285 0.4976851851851852 0.024305555555555552 0.027116402116402115
0 0.44010416666666663 0.4970238095238095 0.022569444444444444 0.025793650793650792
0 0.45114087301587297 0.5221560846560847 0.018849206349206348 0.021825396825396824
0 0.410094246031746 0.5104166666666666 0.026537698412698412 0.0248015873015873
0 0.4048859126984127 0.48330026455026454 0.02058531746031746 0.02546296296296296
0 0.4169146825396825 0.47288359788359785 0.025297619047619048 0.023809523809523808
0 0.4345238095238095 0.47189153439153436 0.018849206349206348 0.027116402116402115
0 0.4052579365079365 0.4439484126984127 0.043154761904761904 0.021494708994708994
0 0.3448660714285714 0.5097552910052909 0.030009920634920632 0.03141534391534391
0 0.31274801587301587 0.47172619047619047 0.026785714285714284 0.04596560846560846
0 0.3673115079365079 0.29828042328042326 0.031746031746031744 0.046957671957671955
0 0.11321924603174603 0.39087301587301587 0.033482142857142856 0.0291005291005291
0 0.0886656746031746 0.38888888888888884 0.034474206349206345 0.0291005291005291
0 0.8218005952380952 0.5836640211640212 0.031001984126984124 0.02513227513227513
0 0.9703621031746031 0.5907738095238095 0.02405753968253968 0.018187830687830687
0 0.9410962301587301 0.5889550264550264 0.022569444444444444 0.015873015873015872
0 0.9151785714285714 0.5707671957671957 0.01984126984126984 0.025793650793650792
