0 0.8647073412698412 0.5775462962962963 0.035962301587301584 0.03009259259259259
0 0.7508680555555555 0.5449735449735449 0.03794642857142857 0.025793650793650792
0 0.699156746031746 0.5375330687830687 0.039186507936507936 0.028769841269841268
0 0.6418650793650793 0.5524140211640212 0.03621031746031746 0.034060846560846555
0 0.6329365079365079 0.5706018518518519 0.04265873015873016 0.02943121693121693
0 0.345734126984127 0.5084325396825397 0.05257936507936507 0.030753968253968252
0 0.259672619047619 0.5168650793650793 0.05555555555555555 0.023809523809523808
0 0.18700396825396826 0.486276455026455 0.047619047619047616 0.03736772486772487
0 0.1460813492063492 0.4801587301587301 0.03521825396825397 0.037698412698412696
0 0.05071924603174603 0.4801587301587301 0.04290674603174603 0.02513227513227513
0 0.04154265873015873 0.4568452380952381 0.04290674603174603 0.02414021164021164
