0 0.5567956349206349 0.5481150793650793 0.026289682539682536 0.026124338624338623
0 0.5230654761904762 0.5196759259259259 0.026289682539682536 0.02943121693121693
0 0.5152529761904762 0.5319113756613756 0.017113095238095236 0.01951058201058201
0 0.4559771825396825 0.5087632275132274 0.026041666666666664 0.022817460317460316
0 0.42795138888888884 0.5036375661375662 0.02802579365079365 0.01917989417989418
0 0.38343253968253965 0.4975198412698412 0.025793650793650792 0.022156084656084655
0 0.48090277777777773 0.5238095238095237 0.017857142857142856 0.021825396825396824
0 0.4888392857142857 0.5441468253968254 0.019345238095238096 0.017526455026455025
0 0.8616071428571428 0.5367063492063492 0.020833333333333332 0.013227513227513227
0 0.861111111111111 0.5621693121693121 0.01488095238095238 0.017857142857142856
0 0.798735119047619 0.5725859788359788 0.013640873015873016 0.018187830687830687
0 0.8092757936507936 0.5727513227513227 0.011904761904761904 0.01521164021164021
0 0.8170882936507936 0.5634920634920635 0.013144841269841268 0.016534391534391533
0 0.7703373015873015 0.5524140211640212 0.02232142857142857 0.012235449735449735
0 0.8276289682539683 0.5426587301587301 0.016369047619047616 0.007936507936507936
0 0.8257688492063492 0.5510912698412698 0.016121031746031744 0.008267195767195767
0 0.7935267857142857 0.5572089947089947 0.016121031746031744 0.011904761904761904
