0 0.8293650793650793 0.6216931216931216 0.02827380952380952 0.023148148148148147
0 0.7782738095238095 0.6101190476190476 0.025297619047619048 0.0205026455026455
0 0.7788938492063492 0.56630291005291 0.02405753968253968 0.028108465608465607
0 0.6817956349206349 0.5916005291005291 0.029265873015873016 0.027777777777777776
0 0.6519097222222222 0.5767195767195767 0.02405753968253968 0.03505291005291005
0 0.6220238095238095 0.5811838624338624 0.030257936507936505 0.022156084656084655
0 0.625 0.5625 0.031746031746031744 0.0205026455026455
0 0.656125992063492 0.5428240740740741 0.013144841269841268 0.034722222222222224
0 0.6719990079365079 0.49983465608465605 0.026041666666666664 0.026785714285714284
0 0.628968253968254 0.533234126984127 0.0248015873015873 0.016865079365079364
0 0.6031746031746031 0.5271164021164021 0.026289682539682536 0.017195767195767195
0 0.6030505952380952 0.5396825396825397 0.027033730158730156 0.01455026455026455
0 0.5803571428571428 0.5168650793650793 0.020833333333333332 0.02513227513227513
0 0.5713045634920635 0.5287698412698413 0.021577380952380952 0.017857142857142856
0 0.5639880952380952 0.5588624338624338 0.028769841269841268 0.016534391534391533
0 0.5363343253968254 0.5610119047619048 0.027033730158730156 0.02546296296296296
0 0.5404265873015873 0.5320767195767195 0.0248015873015873 0.021164021164021163
0 0.5647321428571428 0.5385251322751322 0.025793650793650792 0.01488095238095238
0 0.531125992063492 0.5069444444444444 0.023561507936507936 0.017857142857142856
0 0.5079365079365079 0.5056216931216931 0.023313492063492064 0.021164021164021163
0 0.486359126984127 0.5056216931216931 0.025297619047619048 0.0205026455026455
0 0.42795138888888884 0.48462301587301587 0.02405753968253968 0.02943121693121693
0 0.4724702380952381 0.5110780423280423 0.02827380952380952 0.017526455026455025
0 0.46850198412698413 0.5246362433862434 0.025793650793650792 0.01488095238095238
0 0.4790426587301587 0.537037037037037 0.027529761904761904 0.01984126984126984
0 0.45610119047619047 0.5383597883597884 0.027281746031746032 0.025793650793650792
0 0.4228670634920635 0.507771164021164 0.033234126984126984 0.015542328042328041
0 0.36954365079365076 0.5090939153439153 0.020833333333333332 0.020833333333333332
0 0.3483382936507936 0.546792328042328 0.02802579365079365 0.021494708994708994
0 0.3751240079365079 0.5281084656084656 0.023561507936507936 0.016534391534391533
0 0.3898809523809524 0.5327380952380952 0.020833333333333332 0.0205026455026455
0 0.3828125 0.5598544973544973 0.017609126984126984 0.036375661375661374
0 0.4219990079365079 0.5603505291005291 0.02802579365079365 0.022156084656084655
0 0.4032738095238095 0.5482804232804233 0.026785714285714284 0.01455026455026455
0 0.9368799603174602 0.6703042328042328 0.02405753968253968 0.041005291005291
