0 0.46217757936507936 0.4672619047619047 0.033482142857142856 0.023809523809523808
0 0.40438988095238093 0.4637896825396825 0.031994047619047616 0.016203703703703703
0 0.42423115079365076 0.4775132275132275 0.031994047619047616 0.01455026455026455
0 0.4056299603174603 0.4904100529100529 0.031994047619047616 0.015873015873015872
0 0.4298115079365079 0.5142195767195767 0.03571428571428571 0.03373015873015873
0 0.40885416666666663 0.539021164021164 0.028521825396825396 0.027777777777777776
0 0.5075644841269841 0.4829695767195767 0.022569444444444444 0.02943121693121693
0 0.5235615079365079 0.5029761904761905 0.03521825396825397 0.023148148148148147
0 0.5522073412698413 0.5385251322751322 0.03050595238095238 0.02546296296296296
0 0.5778769841269841 0.5337301587301587 0.0248015873015873 0.03042328042328042
0 0.5718005952380952 0.478505291005291 0.027529761904761904 0.01521164021164021
0 0.5797371031746031 0.496031746031746 0.025049603174603172 0.016534391534391533
0 0.6108630952380952 0.5300925925925926 0.026785714285714284 0.016534391534391533
0 0.5998263888888888 0.5133928571428571 0.024553571428571428 0.01025132275132275
0 0.6125992063492063 0.5026455026455026 0.020833333333333332 0.013888888888888888
0 0.5983382936507936 0.4861111111111111 0.022073412698412696 0.011904761904761904
0 0.6147073412698413 0.4796626984126984 0.01909722222222222 0.015542328042328041
0 0.6692708333333333 0.5251322751322751 0.016617063492063492 0.0291005291005291
0 0.6889880952380952 0.546957671957672 0.02132936507936508 0.03306878306878307
0 0.7105654761904762 0.5681216931216931 0.02976190476190476 0.01455026455026455
0 0.6626984126984127 0.49553571428571425 0.013392857142857142 0.036044973544973546
0 0.6790674603174602 0.5084325396825397 0.017361111111111112 0.0248015873015873
0 0.17038690476190474 0.41898148148148145 0.031746031746031744 0.023148148148148147
0 0.032366071428571425 0.37152777777777773 0.037450396825396824 0.016865079365079364
0 0.04575892857142857 0.3907076719576719 0.02901785714285714 0.028108465608465607
0 0.08196924603174603 0.3902116402116402 0.03546626984126984 0.021825396825396824
0 0.10850694444444443 0.40625 0.038938492063492064 0.016203703703703703
0 0.13938492063492064 0.4031084656084656 0.023809523809523808 0.021164021164021163
0 0.13988095238095238 0.4212962962962963 0.027281746031746032 0.016534391534391533
