0 0.7033730158730158 0.6263227513227513 0.03422619047619047 0.02513227513227513
0 0.6687748015873015 0.5972222222222222 0.026041666666666664 0.0291005291005291
0 0.6281001984126984 0.5689484126984127 0.027529761904761904 0.03273809523809523
0 0.6583581349206349 0.5710978835978836 0.03050595238095238 0.025793650793650792
0 0.7664930555555555 0.6096230158730158 0.027529761904761904 0.0248015873015873
0 0.7354910714285714 0.609292328042328 0.016121031746031744 0.020833333333333332
0 0.511532738095238 0.5277777777777778 0.029513888888888888 0.026455026455026454
0 0.4878472222222222 0.5479497354497355 0.029265873015873016 0.022486772486772486
0 0.47383432539682535 0.5616732804232804 0.03050595238095238 0.017526455026455025
0 0.4140625 0.5367063492063492 0.033482142857142856 0.02447089947089947
0 0.3720238095238095 0.5243055555555556 0.03571428571428571 0.02414021164021164
0 0.3405257936507936 0.5262896825396826 0.03273809523809523 0.026124338624338623
0 0.3159722222222222 0.5291005291005291 0.02827380952380952 0.025793650793650792
0 0.308531746031746 0.49652777777777773 0.026289682539682536 0.03273809523809523
0 0.2816220238095238 0.5079365079365079 0.030009920634920632 0.025793650793650792
0 0.28683035714285715 0.49007936507936506 0.025049603174603172 0.03571428571428571
0 0.2958829365079365 0.4613095238095238 0.020833333333333332 0.032407407407407406
0 0.24590773809523808 0.49520502645502645 0.03695436507936508 0.015542328042328041
0 0.2292906746031746 0.4750330687830688 0.021577380952380952 0.034722222222222224
0 0.20362103174603174 0.47916666666666663 0.027777777777777776 0.03505291005291005
0 0.23722718253968253 0.44064153439153436 0.0339781746031746 0.03009259259259259
0 0.25297619047619047 0.40625 0.03422619047619047 0.028769841269841268
0 0.29811507936507936 0.42542989417989413 0.017361111111111112 0.038029100529100524
0 0.26512896825396826 0.43039021164021163 0.031746031746031744 0.02017195767195767
0 0.09238591269841269 0.42972883597883593 0.041914682539682536 0.03273809523809523
0 0.048859126984126984 0.4778439153439153 0.04811507936507936 0.02447089947089947
0 0.1667906746031746 0.47387566137566134 0.03050595238095238 0.036375661375661374
