0 0.09164186507936507 0.42509920634920634 0.031001984126984124 0.018849206349206348
0 0.15885416666666666 0.48330026455026454 0.034474206349206345 0.022156084656084655
0 0.20498511904761904 0.47255291005291 0.03645833333333333 0.03571428571428571
0 0.2710813492063492 0.49718915343915343 0.030753968253968252 0.021494708994708994
0 0.29203869047619047 0.5297619047619048 0.025049603174603172 0.031746031746031744
0 0.3056795634920635 0.5059523809523809 0.013640873015873016 0.04034391534391534
0 0.32353670634920634 0.5443121693121693 0.02306547619047619 0.02976190476190476
0 0.3563988095238095 0.5646494708994708 0.02827380952380952 0.026785714285714284
0 0.2884424603174603 0.47635582010582006 0.030753968253968252 0.01951058201058201
0 0.3896329365079365 0.5674603174603174 0.028769841269841268 0.021164021164021163
0 0.40860615079365076 0.5810185185185185 0.02554563492063492 0.017857142857142856
0 0.4794146825396825 0.5601851851851851 0.030257936507936505 0.022486772486772486
0 0.4463045634920635 0.5646494708994708 0.026537698412698412 0.02017195767195767
0 0.49367559523809523 0.5861441798941799 0.03298611111111111 0.018187830687830687
0 0.46242559523809523 0.5815145502645502 0.02306547619047619 0.01951058201058201
0 0.4375 0.5739087301587301 0.024305555555555552 0.016865079365079364
0 0.43799603174603174 0.5879629629629629 0.02976190476190476 0.015873015873015872
0 0.5669642857142857 0.5514219576719577 0.024305555555555552 0.021494708994708994
0 0.5711805555555555 0.5684523809523809 0.027281746031746032 0.017857142857142856
0 0.5618799603174602 0.5846560846560847 0.027033730158730156 0.01984126984126984
0 0.589905753968254 0.5912698412698413 0.025049603174603172 0.010582010582010581
0 0.5987103174603174 0.582010582010582 0.025793650793650792 0.012566137566137565
0 0.6040426587301587 0.5710978835978836 0.023561507936507936 0.017195767195767195
0 0.5931299603174602 0.5557208994708994 0.023561507936507936 0.015542328042328041
0 0.6145833333333333 0.5616732804232804 0.023313492063492064 0.01488095238095238
0 0.628968253968254 0.5823412698412698 0.020833333333333332 0.01917989417989418
0 0.6168154761904762 0.5922619047619048 0.02232142857142857 0.011243386243386243
0 0.648313492063492 0.6044973544973544 0.015376984126984126 0.01984126984126984
0 0.6641865079365079 0.6149140211640212 0.021825396825396824 0.02943121693121693
0 0.730282738095238 0.6246693121693121 0.019593253968253968 0.016534391534391533
0 0.7375992063492063 0.6297949735449735 0.021825396825396824 0.016203703703703703
0 0.7157738095238095 0.6200396825396826 0.017857142857142856 0.013227513227513227
