0 0.020337301587301584 0.47172619047619047 0.03224206349206349 0.026785714285714284
0 0.27802579365079366 0.48131613756613756 0.024305555555555552 0.018849206349206348
0 0.28955853174603174 0.3839285714285714 0.019593253968253968 0.05026455026455026
0 0.3146081349206349 0.5436507936507936 0.02554563492063492 0.03306878306878307
0 0.33717757936507936 0.5719246031746031 0.02554563492063492 0.021494708994708994
0 0.3635912698412698 0.564484126984127 0.026785714285714284 0.02447089947089947
0 0.3829365079365079 0.5803571428571428 0.023809523809523808 0.015873015873015872
0 0.40625 0.5722552910052909 0.021825396825396824 0.020833333333333332
0 0.42509920634920634 0.5692791005291005 0.02232142857142857 0.016865079365079364
0 0.4534970238095238 0.5714285714285714 0.029513888888888888 0.02513227513227513
0 0.4759424603174603 0.5641534391534391 0.02232142857142857 0.0205026455026455
0 0.4975198412698412 0.5752314814814814 0.029265873015873016 0.015542328042328041
0 0.5088045634920635 0.5588624338624338 0.022569444444444444 0.021164021164021163
0 0.507688492063492 0.5902777777777778 0.029265873015873016 0.0205026455026455
0 0.5303819444444444 0.5734126984126984 0.020089285714285712 0.023148148148148147
0 0.5451388888888888 0.5687830687830687 0.025793650793650792 0.016534391534391533
0 0.5621279761904762 0.5833333333333333 0.022569444444444444 0.01455026455026455
0 0.5618799603174602 0.5945767195767195 0.022073412698412696 0.01521164021164021
0 0.6476934523809523 0.5907738095238095 0.027529761904761904 0.016865079365079364
0 0.5849454365079365 0.5861441798941799 0.016121031746031744 0.020833333333333332
0 0.5812251984126984 0.6030092592592592 0.018601190476190476 0.016203703703703703
0 0.5913938492063492 0.6188822751322751 0.01810515873015873 0.01488095238095238
0 0.5980902777777778 0.6342592592592592 0.017609126984126984 0.021164021164021163
0 0.5997023809523809 0.6038359788359788 0.015376984126984126 0.01984126984126984
0 0.6128472222222222 0.6246693121693121 0.0183531746031746 0.013888888888888888
0 0.6125992063492063 0.6354166666666666 0.017857142857142856 0.012896825396825396
0 0.6341765873015872 0.6193783068783069 0.00992063492063492 0.021825396825396824
0 0.6481894841269841 0.6155753968253967 0.02306547619047619 0.015542328042328041
0 0.6574900793650793 0.6104497354497355 0.023809523809523808 0.013227513227513227
