0 0.7788938492063492 0.5236441798941799 0.015128968253968252 0.026124338624338623
0 0.7351190476190476 0.5071097883597884 0.013888888888888888 0.02546296296296296
0 0.7229662698412698 0.5335648148148148 0.020337301587301584 0.02017195767195767
0 0.7053571428571428 0.5261243386243386 0.017361111111111112 0.017857142857142856
0 0.6804315476190476 0.5218253968253967 0.021577380952380952 0.015873015873015872
0 0.6654265873015872 0.5130621693121693 0.02132936507936508 0.015542328042328041
0 0.5556795634920635 0.5348875661375662 0.021577380952380952 0.030753968253968252
0 0.535094246031746 0.5405092592592592 0.02405753968253968 0.016203703703703703
0 0.5239335317460317 0.5221560846560847 0.02405753968253968 0.023148148148148147
0 0.503844246031746 0.5338955026455026 0.02306547619047619 0.02017195767195767
0 0.4750744047619047 0.5042989417989417 0.018601190476190476 0.02513227513227513
0 0.4678819444444444 0.5243055555555556 0.025049603174603172 0.016865079365079364
0 0.42584325396825395 0.5105820105820106 0.022817460317460316 0.017195767195767195
0 0.4273313492063492 0.47205687830687826 0.024305555555555552 0.014219576719576719
0 0.40104166666666663 0.4672619047619047 0.026289682539682536 0.013227513227513227
0 0.41021825396825395 0.4874338624338624 0.019345238095238096 0.016534391534391533
0 0.4205109126984127 0.48462301587301587 0.020089285714285712 0.020833333333333332
0 0.40625 0.4966931216931217 0.019345238095238096 0.01455026455026455
0 0.37661210317460314 0.48346560846560843 0.022073412698412696 0.012566137566137565
0 0.3767361111111111 0.49537037037037035 0.020337301587301584 0.011904761904761904
0 0.3819444444444444 0.5105820105820106 0.023313492063492064 0.013227513227513227
0 0.3561507936507936 0.5119047619047619 0.024305555555555552 0.011904761904761904
0 0.3601190476190476 0.5003306878306878 0.018849206349206348 0.012566137566137565
0 0.3557787698412698 0.4841269841269841 0.021081349206349204 0.011904761904761904
0 0.361359126984127 0.46941137566137564 0.021825396825396824 0.017526455026455025
0 0.32366071428571425 0.44775132275132273 0.017857142857142856 0.01917989417989418
0 0.3039434523809524 0.4487433862433862 0.024553571428571428 0.017857142857142856
0 0.2900545634920635 0.462797619047619 0.023561507936507936 0.012235449735449735
0 0.31659226190476186 0.46660052910052907 0.021081349206349204 0.00992063492063492
0 0.3298611111111111 0.4861111111111111 0.027777777777777776 0.015873015873015872
0 0.2409474206349206 0.4011243386243386 0.02802579365079365 0.025793650793650792
0 0.23635912698412698 0.45998677248677244 0.03373015873015873 0.017857142857142856
0 0.22978670634920634 0.4841269841269841 0.03050595238095238 0.017195767195767195
0 0.11272321428571427 0.44477513227513227 0.034474206349206345 0.016534391534391533
