0 0.6999007936507936 0.5291005291005291 0.015873015873015872 0.018518518518518517
0 0.6817956349206349 0.5410052910052909 0.017361111111111112 0.015873015873015872
0 0.6591021825396826 0.5360449735449735 0.015625 0.017857142857142856
0 0.6429811507936508 0.5206679894179894 0.02306547619047619 0.011574074074074073
0 0.6393849206349206 0.5320767195767195 0.023809523809523808 0.012566137566137565
0 0.5314980158730158 0.5464616402116402 0.025297619047619048 0.018849206349206348
0 0.4724702380952381 0.5229828042328042 0.02232142857142857 0.01488095238095238
0 0.46701388888888884 0.5345568783068783 0.0183531746031746 0.01488095238095238
0 0.43874007936507936 0.5284391534391534 0.02232142857142857 0.015873015873015872
0 0.4402281746031746 0.5021494708994708 0.02827380952380952 0.03009259259259259
0 0.417906746031746 0.5084325396825397 0.024305555555555552 0.01951058201058201
0 0.41356646825396826 0.49107142857142855 0.028521825396825396 0.016534391534391533
0 0.3787202380952381 0.4970238095238095 0.02232142857142857 0.011904761904761904
0 0.3601190476190476 0.48478835978835977 0.023313492063492064 0.01521164021164021
0 0.34672619047619047 0.519510582010582 0.020833333333333332 0.00992063492063492
0 0.3335813492063492 0.5238095238095237 0.014384920634920634 0.013227513227513227
0 0.3479662698412698 0.5302579365079365 0.0183531746031746 0.01488095238095238
0 0.3380456349206349 0.49966931216931215 0.015376984126984126 0.016534391534391533
0 0.34437003968253965 0.4914021164021164 0.021081349206349204 0.015873015873015872
0 0.33754960317460314 0.4793320105820106 0.024305555555555552 0.014219576719576719
0 0.3611111111111111 0.5062830687830687 0.021825396825396824 0.00992063492063492
0 0.3125 0.4613095238095238 0.033234126984126984 0.01521164021164021
0 0.32155257936507936 0.47800925925925924 0.015625 0.018187830687830687
0 0.306547619047619 0.4957010582010582 0.026289682539682536 0.013888888888888888
0 0.2915426587301587 0.4844576719576719 0.02405753968253968 0.013227513227513227
0 0.28013392857142855 0.4689153439153439 0.025049603174603172 0.01984126984126984
0 0.2331349206349206 0.470734126984127 0.02827380952380952 0.017526455026455025
0 0.22941468253968253 0.4505621693121693 0.027281746031746032 0.014219576719576719
