0 0.6091269841269841 0.5286044973544973 0.025297619047619048 0.022156084656084655
0 0.5569196428571428 0.5109126984126984 0.008184523809523808 0.032407407407407406
0 0.5438988095238095 0.5190145502645502 0.02132936507936508 0.016203703703703703
0 0.5424107142857143 0.5325727513227513 0.026785714285714284 0.012896825396825396
0 0.538938492063492 0.552579365079365 0.021825396825396824 0.017857142857142856
0 0.5224454365079365 0.5267857142857143 0.01066468253968254 0.015873015873015872
0 0.5140128968253967 0.5408399470899471 0.023561507936507936 0.017526455026455025
0 0.49727182539682535 0.5532407407407407 0.018849206349206348 0.023809523809523808
0 0.5163690476190476 0.5553902116402116 0.023313492063492064 0.01488095238095238
0 0.4931795634920635 0.533234126984127 0.027033730158730156 0.016865079365079364
0 0.478422619047619 0.5178571428571428 0.026785714285714284 0.021825396825396824
0 0.46354166666666663 0.5338955026455026 0.026289682539682536 0.030753968253968252
0 0.4474206349206349 0.5398478835978836 0.02976190476190476 0.020833333333333332
0 0.25148809523809523 0.5256283068783069 0.03521825396825397 0.03207671957671958
0 0.27046130952380953 0.554563492063492 0.034970238095238096 0.021825396825396824
0 0.23623511904761904 0.5388558201058201 0.029513888888888888 0.023478835978835978
0 0.1970486111111111 0.5325727513227513 0.03546626984126984 0.02414021164021164
0 0.14310515873015872 0.5117394179894179 0.03224206349206349 0.03141534391534391
0 0.1226438492063492 0.4657738095238095 0.027033730158730156 0.04133597883597884
0 0.06287202380952381 0.4776785714285714 0.026537698412698412 0.030753968253968252
0 0.039558531746031744 0.4594907407407407 0.03149801587301587 0.03141534391534391
