0 0.6370287698412698 0.46064814814814814 0.02901785714285714 0.025793650793650792
0 0.6062748015873015 0.45982142857142855 0.023561507936507936 0.01951058201058201
0 0.5768849206349206 0.4591600529100529 0.030257936507936505 0.028769841269841268
0 0.53125 0.4568452380952381 0.030753968253968252 0.038029100529100524
0 0.4977678571428571 0.4654431216931217 0.033234126984126984 0.015542328042328041
0 0.4906994047619047 0.48247354497354494 0.033482142857142856 0.0205026455026455
0 0.4575892857142857 0.4732142857142857 0.03224206349206349 0.022486772486772486
0 0.4126984126984127 0.47023809523809523 0.03273809523809523 0.023148148148148147
0 0.10019841269841269 0.42592592592592593 0.026289682539682536 0.037037037037037035
0 0.06187996031746031 0.4044312169312169 0.03943452380952381 0.02447089947089947
