0 0.9583333333333333 0.6020171957671957 0.026289682539682536 0.03009259259259259
0 0.925595238095238 0.5884589947089947 0.027281746031746032 0.03869047619047619
0 0.8528025793650793 0.5648148148148148 0.027529761904761904 0.02513227513227513
0 0.8163442460317459 0.546957671957672 0.03249007936507936 0.03439153439153439
0 0.7795138888888888 0.5203373015873015 0.03571428571428571 0.03207671957671958
0 0.738219246031746 0.4819775132275132 0.034474206349206345 0.034722222222222224
0 0.6922123015873015 0.4897486772486772 0.03720238095238095 0.028439153439153438
0 0.6607142857142857 0.4811507936507936 0.026785714285714284 0.023809523809523808
0 0.6388888888888888 0.46494708994708994 0.027281746031746032 0.03505291005291005
0 0.6298363095238095 0.5117394179894179 0.024553571428571428 0.034722222222222224
0 0.2570684523809524 0.4107142857142857 0.028521825396825396 0.03902116402116402
