0 0.7534722222222222 0.615244708994709 0.03521825396825397 0.04133597883597884
0 0.6666666666666666 0.5750661375661376 0.0367063492063492 0.027116402116402115
0 0.6471974206349206 0.5891203703703703 0.02901785714285714 0.028769841269841268
0 0.634796626984127 0.5625 0.023561507936507936 0.021164021164021163
0 0.6065228174603174 0.5742394179894179 0.0339781746031746 0.028108465608465607
0 0.5633680555555555 0.5540674603174602 0.034474206349206345 0.03141534391534391
0 0.5336061507936508 0.5238095238095237 0.03695436507936508 0.023148148148148147
0 0.5282738095238095 0.5433201058201058 0.029265873015873016 0.023809523809523808
0 0.46242559523809523 0.5081018518518519 0.026041666666666664 0.028108465608465607
0 0.47036210317460314 0.49123677248677244 0.025049603174603172 0.03141534391534391
0 0.47445436507936506 0.4798280423280423 0.025297619047619048 0.0291005291005291
0 0.4419642857142857 0.4689153439153439 0.029265873015873016 0.023809523809523808
0 0.4098462301587301 0.46593915343915343 0.02901785714285714 0.023148148148148147
0 0.3838045634920635 0.45568783068783064 0.03149801587301587 0.015873015873015872
0 0.369047619047619 0.4669312169312169 0.031746031746031744 0.023148148148148147
0 0.32800099206349204 0.4583333333333333 0.03298611111111111 0.0291005291005291
0 0.3175843253968254 0.49454365079365076 0.033482142857142856 0.028769841269841268
0 0.0574156746031746 0.47271825396825395 0.033482142857142856 0.05654761904761904
