0 0.9422123015873015 0.7000661375661376 0.02232142857142857 0.021825396825396824
0 0.9885912698412698 0.7123015873015872 0.015873015873015872 0.027116402116402115
0 0.8578869047619048 0.642691798941799 0.017361111111111112 0.0248015873015873
0 0.8451140873015872 0.6574074074074073 0.02058531746031746 0.015873015873015872
0 0.8267609126984127 0.6440145502645502 0.015128968253968252 0.011574074074074073
0 0.808655753968254 0.6484788359788359 0.022073412698412696 0.011904761904761904
0 0.8002232142857142 0.6322751322751322 0.031001984126984124 0.016534391534391533
0 0.7895585317460317 0.6549272486772486 0.022569444444444444 0.022156084656084655
0 0.726438492063492 0.6922949735449735 0.024305555555555552 0.02017195767195767
0 0.5240575396825397 0.6335978835978836 0.03273809523809523 0.021164021164021163
0 0.49268353174603174 0.5927579365079365 0.027033730158730156 0.0333994708994709
