0 0.7099454365079365 0.4742063492063492 0.028521825396825396 0.021164021164021163
0 0.687375992063492 0.47718253968253965 0.026041666666666664 0.02447089947089947
0 0.6628224206349206 0.46593915343915343 0.03249007936507936 0.0205026455026455
0 0.652405753968254 0.4505621693121693 0.030009920634920632 0.021494708994708994
0 0.5776289682539683 0.4462632275132275 0.02976190476190476 0.0333994708994709
0 0.554563492063492 0.4611441798941799 0.03273809523809523 0.022817460317460316
0 0.5280257936507936 0.4484126984126984 0.028769841269841268 0.03306878306878307
0 0.4827628968253968 0.5239748677248677 0.041914682539682536 0.03273809523809523
0 0.454985119047619 0.4584986772486772 0.034474206349206345 0.01951058201058201
0 0.4463045634920635 0.4950396825396825 0.03695436507936508 0.018518518518518517
0 0.41542658730158727 0.48346560846560843 0.0367063492063492 0.017857142857142856
0 0.3611111111111111 0.5064484126984127 0.04464285714285714 0.02943121693121693
0 0.2972470238095238 0.53505291005291 0.044394841269841265 0.01917989417989418
