0 0.7162698412698413 0.544808201058201 0.028769841269841268 0.026785714285714284
0 0.6856398809523809 0.5393518518518519 0.03149801587301587 0.03571428571428571
0 0.5941220238095237 0.5649801587301587 0.044394841269841265 0.03273809523809523
0 0.5840773809523809 0.5115740740740741 0.040178571428571425 0.02976190476190476
0 0.5365823412698413 0.4976851851851852 0.04241071428571428 0.03306878306878307
0 0.5184771825396826 0.45783730158730157 0.031994047619047616 0.016865079365079364
0 0.48660714285714285 0.48792989417989413 0.026785714285714284 0.026785714285714284
0 0.46527777777777773 0.507771164021164 0.03571428571428571 0.023478835978835978
0 0.46763392857142855 0.5376984126984127 0.03249007936507936 0.03902116402116402
0 0.3551587301587301 0.5519179894179894 0.037698412698412696 0.01984126984126984
0 0.36867559523809523 0.5687830687830687 0.04092261904761905 0.025793650793650792
0 0.2405753968253968 0.6109457671957672 0.02232142857142857 0.03141534391534391
0 0.06336805555555555 0.644510582010582 0.03050595238095238 0.028439153439153438
