0 0.9366319444444444 0.7288359788359788 0.034970238095238096 0.023148148148148147
0 0.9387400793650793 0.7509920634920635 0.03720238095238095 0.021825396825396824
0 0.8550347222222222 0.7161044973544973 0.03050595238095238 0.02943121693121693
0 0.8287450396825397 0.7184193121693121 0.030009920634920632 0.03538359788359788
0 0.8072916666666666 0.6807208994708994 0.0248015873015873 0.04133597883597884
0 0.4751984126984127 0.5676256613756614 0.029265873015873016 0.026785714285714284
0 0.4403521825396825 0.5512566137566137 0.034474206349206345 0.0205026455026455
0 0.4403521825396825 0.5324074074074073 0.041914682539682536 0.023809523809523808
0 0.3089037698412698 0.558531746031746 0.03645833333333333 0.03835978835978836
0 0.27120535714285715 0.5626653439153438 0.038938492063492064 0.04265873015873016
0 0.1474454365079365 0.5777116402116402 0.03695436507936508 0.017857142857142856
0 0.13988095238095238 0.5983796296296297 0.04712301587301587 0.020833333333333332
