0 0.576140873015873 0.5454695767195767 0.029265873015873016 0.021494708994708994
0 0.5590277777777778 0.6038359788359788 0.027777777777777776 0.027777777777777776
0 0.538938492063492 0.6317791005291005 0.028769841269841268 0.023478835978835978
0 0.46924603174603174 0.5552248677248677 0.02232142857142857 0.04497354497354497
0 0.4487847222222222 0.5436507936507936 0.017113095238095236 0.03306878306878307
0 0.5657242063492063 0.6312830687830687 0.017361111111111112 0.025793650793650792
0 0.1124751984126984 0.2554563492063492 0.021081349206349204 0.026785714285714284
0 0.33581349206349204 0.32969576719576715 0.028769841269841268 0.03505291005291005
0 0.32056051587301587 0.345568783068783 0.03249007936507936 0.02513227513227513
0 0.5775049603174602 0.3277116402116402 0.01413690476190476 0.02513227513227513
0 0.5647321428571428 0.3470568783068783 0.016369047619047616 0.026124338624338623
0 0.542906746031746 0.3525132275132275 0.027281746031746032 0.021825396825396824
0 0.5086805555555556 0.3369708994708995 0.016369047619047616 0.028439153439153438
0 0.4923115079365079 0.33134920634920634 0.02232142857142857 0.018518518518518517
0 0.6896081349206349 0.34953703703703703 0.02802579365079365 0.0205026455026455
0 0.7000248015873015 0.5029761904761905 0.033482142857142856 0.02447089947089947
