0 0.6550099206349206 0.597718253968254 0.029265873015873016 0.020833333333333332
0 0.5775049603174602 0.5889550264550264 0.03645833333333333 0.027116402116402115
0 0.5562996031746031 0.5342261904761905 0.027777777777777776 0.022817460317460316
0 0.5055803571428571 0.5854828042328042 0.034970238095238096 0.0333994708994709
0 0.5286458333333333 0.5162037037037037 0.022073412698412696 0.025793650793650792
0 0.41468253968253965 0.46428571428571425 0.01984126984126984 0.037698412698412696
0 0.38888888888888884 0.4442791005291005 0.02132936507936508 0.048611111111111105
0 0.35553075396825395 0.43369708994708994 0.027033730158730156 0.028769841269841268
0 0.3327132936507936 0.45221560846560843 0.031994047619047616 0.030753968253968252
0 0.40104166666666663 0.4021164021164021 0.013888888888888888 0.037037037037037035
0 0.3635912698412698 0.3726851851851852 0.02976190476190476 0.027116402116402115
0 0.3107638888888889 0.3501984126984127 0.033234126984126984 0.03835978835978836
0 0.20572916666666666 0.3012566137566137 0.03695436507936508 0.031084656084656083
0 0.16765873015873015 0.28207671957671954 0.04216269841269841 0.027116402116402115
0 0.14484126984126983 0.34027777777777773 0.026785714285714284 0.041005291005291
0 0.5938740079365079 0.371031746031746 0.01909722222222222 0.02447089947089947
0 0.4949156746031746 0.3559854497354497 0.02554563492063492 0.026785714285714284
0 0.5111607142857143 0.35747354497354494 0.015376984126984126 0.021825396825396824
0 0.519469246031746 0.34689153439153436 0.01909722222222222 0.011904761904761904
0 0.5286458333333333 0.33300264550264547 0.016617063492063492 0.021825396825396824
0 0.5347222222222222 0.3472222222222222 0.011904761904761904 0.023809523809523808
