0 0.5442708333333333 0.8177910052910052 0.03249007936507936 0.03373015873015873
0 0.5610119047619048 0.7587632275132274 0.016369047619047616 0.03736772486772487
0 0.5813492063492063 0.7253637566137566 0.0367063492063492 0.028108465608465607
0 0.6281001984126984 0.5385251322751322 0.026041666666666664 0.017526455026455025
0 0.654265873015873 0.552744708994709 0.023313492063492064 0.02414021164021164
0 0.6685267857142857 0.5639880952380952 0.027033730158730156 0.023478835978835978
0 0.6748511904761905 0.546792328042328 0.0183531746031746 0.018849206349206348
0 0.4552331349206349 0.5987103174603174 0.022569444444444444 0.0367063492063492
0 0.4753224206349206 0.5826719576719577 0.03050595238095238 0.03571428571428571
0 0.4800347222222222 0.6087962962962963 0.03249007936507936 0.026455026455026454
0 0.5086805555555556 0.6197089947089947 0.02132936507936508 0.061507936507936505
0 0.5244295634920635 0.6001984126984127 0.02306547619047619 0.02976190476190476
0 0.255828373015873 0.5416666666666666 0.041914682539682536 0.0291005291005291
0 0.18117559523809523 0.4517195767195767 0.03645833333333333 0.051587301587301584
0 0.1440972222222222 0.4454365079365079 0.033234126984126984 0.027777777777777776
