0 0.6526537698412698 0.677744708994709 0.018601190476190476 0.034060846560846555
0 0.6261160714285714 0.6334325396825397 0.031001984126984124 0.022817460317460316
0 0.6609623015873015 0.642691798941799 0.02976190476190476 0.018187830687830687
0 0.663938492063492 0.628968253968254 0.01984126984126984 0.017195767195767195
0 0.6897321428571428 0.6630291005291005 0.013392857142857142 0.025793650793650792
0 0.6881200396825397 0.6927910052910052 0.013640873015873016 0.03042328042328042
0 0.6763392857142857 0.6858465608465608 0.01240079365079365 0.03042328042328042
0 0.6648065476190476 0.6830357142857143 0.017113095238095236 0.03869047619047619
0 0.7182539682539683 0.7671957671957672 0.021825396825396824 0.031746031746031744
0 0.7817460317460317 0.765542328042328 0.02132936507936508 0.0291005291005291
0 0.7292906746031745 0.5654761904761905 0.015128968253968252 0.00992063492063492
0 0.7702132936507936 0.5730820105820106 0.013640873015873016 0.01455026455026455
0 0.7828621031746031 0.5823412698412698 0.019593253968253968 0.018518518518518517
0 0.7528521825396824 0.5866402116402116 0.02306547619047619 0.01521164021164021
0 0.7434275793650793 0.5783730158730158 0.022073412698412696 0.010582010582010581
0 0.8015873015873015 0.583829365079365 0.0183531746031746 0.011574074074074073
0 0.5956101190476191 0.5980489417989417 0.03298611111111111 0.03009259259259259
0 0.536954365079365 0.5777116402116402 0.023809523809523808 0.0205026455026455
0 0.376984126984127 0.5168650793650793 0.026289682539682536 0.03373015873015873
0 0.1929563492063492 0.4786706349206349 0.0367063492063492 0.023478835978835978
0 0.16021825396825395 0.45882936507936506 0.033234126984126984 0.022156084656084655
0 0.07105654761904762 0.4074074074074074 0.028521825396825396 0.03902116402116402
