0 0.9677579365079364 0.1529431216931217 0.031746031746031744 0.054563492063492064
0 0.9491567460317459 0.0388558201058201 0.01240079365079365 0.0367063492063492
0 0.9332837301587301 0.0333994708994709 0.016865079365079364 0.03042328042328042
0 0.712673611111111 0.3630952380952381 0.026041666666666664 0.04894179894179894
0 0.6960565476190476 0.4465939153439153 0.037450396825396824 0.034060846560846555
0 0.8317212301587301 0.41980820105820105 0.018601190476190476 0.040013227513227514
0 0.6321924603174602 0.49619708994708994 0.027281746031746032 0.04464285714285714
0 0.7894345238095237 0.5046296296296297 0.026785714285714284 0.021825396825396824
0 0.7640128968253967 0.7559523809523809 0.034970238095238096 0.04034391534391534
0 0.6099950396825397 0.9338624338624338 0.03645833333333333 0.02976190476190476
0 0.576140873015873 0.9837962962962963 0.02132936507936508 0.031746031746031744
0 0.5621279761904762 0.5582010582010581 0.028521825396825396 0.027777777777777776
0 0.5443948412698413 0.5428240740740741 0.02232142857142857 0.03009259259259259
0 0.5114087301587301 0.21263227513227512 0.027281746031746032 0.025793650793650792
0 0.3785962301587301 0.718584656084656 0.018601190476190476 0.017195767195767195
0 0.4516369047619047 0.7645502645502645 0.026289682539682536 0.037037037037037035
0 0.33916170634920634 0.814484126984127 0.02554563492063492 0.037037037037037035
0 0.3170882936507936 0.7923280423280423 0.02058531746031746 0.04034391534391534
0 0.31312003968253965 0.9546957671957671 0.02306547619047619 0.046296296296296294
0 0.27467757936507936 0.9031084656084656 0.015128968253968252 0.037698412698412696
0 0.25930059523809523 0.898313492063492 0.013640873015873016 0.04265873015873016
0 0.22978670634920634 0.8348214285714285 0.03249007936507936 0.040013227513227514
0 0.17795138888888887 0.8452380952380952 0.02058531746031746 0.0205026455026455
0 0.10193452380952381 0.6400462962962963 0.015873015873015872 0.0367063492063492
0 0.27157738095238093 0.6476521164021164 0.023809523809523808 0.040013227513227514
0 0.25917658730158727 0.6122685185185185 0.025297619047619048 0.02943121693121693
0 0.3777281746031746 0.23015873015873015 0.019345238095238096 0.03571428571428571
