0 0.7836061507936507 0.5949074074074073 0.015625 0.041005291005291
0 0.7957589285714285 0.564318783068783 0.02405753968253968 0.03869047619047619
0 0.810515873015873 0.7022156084656084 0.03273809523809523 0.02943121693121693
0 0.7384672619047619 0.5555555555555556 0.03050595238095238 0.03042328042328042
0 0.6023065476190476 0.5722552910052909 0.034970238095238096 0.03207671957671958
0 0.5496031746031745 0.6185515873015872 0.03224206349206349 0.04398148148148148
0 0.5004960317460317 0.4654431216931217 0.02827380952380952 0.045304232804232805
0 0.4584573412698412 0.5229828042328042 0.026041666666666664 0.03141534391534391
0 0.42683531746031744 0.5335648148148148 0.041666666666666664 0.02546296296296296
0 0.34883432539682535 0.5302579365079365 0.02554563492063492 0.0248015873015873
0 0.32018849206349204 0.166005291005291 0.034722222222222224 0.021825396825396824
0 0.052207341269841265 0.3913690476190476 0.03249007936507936 0.0367063492063492
0 0.07886904761904762 0.5813492063492063 0.02132936507936508 0.05092592592592592
0 0.5725446428571428 0.7582671957671957 0.025049603174603172 0.03835978835978836
0 0.5574156746031745 0.927744708994709 0.029513888888888888 0.03869047619047619
0 0.8237847222222222 0.8998015873015872 0.044394841269841265 0.032407407407407406
0 0.8092757936507936 0.4465939153439153 0.016369047619047616 0.040013227513227514
0 0.7664930555555555 0.4021164021164021 0.030009920634920632 0.025793650793650792
0 0.7677331349206349 0.3255621693121693 0.031994047619047616 0.03009259259259259
0 0.8647073412698412 0.3093584656084656 0.0339781746031746 0.027447089947089946
0 0.9112103174603174 0.3900462962962963 0.03720238095238095 0.028108465608465607
0 0.9188988095238094 0.4186507936507936 0.0367063492063492 0.032407407407407406
0 0.9345238095238094 0.31547619047619047 0.03125 0.03439153439153439
0 0.6712549603174602 0.3414351851851852 0.03050595238095238 0.0367063492063492
0 0.632688492063492 0.26339285714285715 0.023313492063492064 0.04794973544973545
0 0.812375992063492 0.13822751322751323 0.03298611111111111 0.04497354497354497
0 0.9831349206349206 0.24206349206349204 0.033234126984126984 0.03505291005291005
