0 0.19593253968253968 0.42427248677248675 0.03571428571428571 0.037037037037037035
0 0.53125 0.5343915343915344 0.026289682539682536 0.022486772486772486
0 0.5861855158730158 0.6251653439153438 0.029513888888888888 0.015542328042328041
0 0.6214037698412698 0.6516203703703703 0.024553571428571428 0.02017195767195767
0 0.6741071428571428 0.5279431216931216 0.027777777777777776 0.022156084656084655
0 0.7327628968253967 0.5279431216931216 0.026537698412698412 0.017526455026455025
0 0.75 0.5515873015873015 0.026289682539682536 0.021825396825396824
0 0.7658730158730158 0.5491071428571428 0.020833333333333332 0.02546296296296296
0 0.7931547619047619 0.5806878306878307 0.020833333333333332 0.017857142857142856
0 0.8112599206349206 0.581845238095238 0.01984126984126984 0.017526455026455025
0 0.7872023809523809 0.5477843915343915 0.021825396825396824 0.01951058201058201
0 0.25756448412698413 0.7232142857142857 0.028521825396825396 0.06349206349206349
