0 0.6223958333333333 0.5072751322751322 0.038938492063492064 0.02976190476190476
0 0.7666170634920635 0.5416666666666666 0.025793650793650792 0.023148148148148147
0 0.863343253968254 0.6388888888888888 0.033234126984126984 0.021825396825396824
0 0.8940972222222222 0.6630291005291005 0.028769841269841268 0.023148148148148147
0 0.46837797619047616 0.4723875661375661 0.031994047619047616 0.0333994708994709
0 0.4260912698412698 0.44775132275132273 0.03273809523809523 0.032407407407407406
0 0.40352182539682535 0.4264219576719577 0.04216269841269841 0.018187830687830687
0 0.3577628968253968 0.453042328042328 0.03695436507936508 0.02447089947089947
0 0.1906001984126984 0.48561507936507936 0.031001984126984124 0.03736772486772487
0 0.09982638888888888 0.4495701058201058 0.03050595238095238 0.03273809523809523
