0 0.9594494047619047 0.5992063492063492 0.03546626984126984 0.02447089947089947
0 0.9211309523809523 0.5892857142857143 0.02827380952380952 0.023148148148148147
0 0.8663194444444444 0.5755621693121693 0.030753968253968252 0.022817460317460316
0 0.8644593253968254 0.5940806878306878 0.03249007936507936 0.02017195767195767
0 0.8112599206349206 0.5628306878306878 0.024305555555555552 0.026455026455026454
0 0.8024553571428571 0.5894510582010581 0.03695436507936508 0.023478835978835978
0 0.6039186507936508 0.5405092592592592 0.03125 0.028108465608465607
0 0.5141369047619048 0.5572089947089947 0.02232142857142857 0.02447089947089947
0 0.5534474206349206 0.5188492063492063 0.01810515873015873 0.018518518518518517
0 0.4453125 0.5747354497354497 0.02802579365079365 0.025793650793650792
0 0.2487599206349206 0.6264880952380952 0.03224206349206349 0.038029100529100524
0 0.363219246031746 0.6954365079365079 0.033482142857142856 0.03835978835978836
0 0.25558035714285715 0.36094576719576715 0.027529761904761904 0.0333994708994709
