0 0.24379960317460317 0.4214616402116402 0.0367063492063492 0.026785714285714284
0 0.18167162698412698 0.39632936507936506 0.02802579365079365 0.016865079365079364
0 0.16121031746031744 0.3870701058201058 0.025793650793650792 0.020833333333333332
0 0.14260912698412698 0.6350859788359788 0.0367063492063492 0.0248015873015873
0 0.29030257936507936 0.6254960317460317 0.043402777777777776 0.02546296296296296
0 0.39198908730158727 0.4300595238095238 0.026537698412698412 0.018849206349206348
0 0.3810763888888889 0.4436177248677248 0.023561507936507936 0.020833333333333332
0 0.4073660714285714 0.45651455026455023 0.022073412698412696 0.018849206349206348
0 0.4290674603174603 0.45568783068783064 0.019345238095238096 0.023809523809523808
0 0.4538690476190476 0.45337301587301587 0.025793650793650792 0.021164021164021163
0 0.4281994047619047 0.6583994708994708 0.03249007936507936 0.028439153439153438
0 0.45994543650793646 0.6836970899470899 0.03050595238095238 0.028108465608465607
0 0.5034722222222222 0.4708994708994709 0.02827380952380952 0.016534391534391533
0 0.5040922619047619 0.455026455026455 0.02306547619047619 0.017195767195767195
0 0.517609126984127 0.44907407407407407 0.019345238095238096 0.016534391534391533
0 0.5409226190476191 0.45453042328042326 0.025793650793650792 0.018187830687830687
0 0.5474950396825397 0.4664351851851852 0.02058531746031746 0.012235449735449735
0 0.5565476190476191 0.4758597883597883 0.018849206349206348 0.017857142857142856
0 0.6019345238095237 0.4796626984126984 0.020337301587301584 0.016203703703703703
0 0.6161954365079365 0.49437830687830686 0.021081349206349204 0.016534391534391533
0 0.6963045634920635 0.5563822751322751 0.017609126984126984 0.015542328042328041
0 0.7230902777777778 0.5788690476190476 0.02058531746031746 0.022817460317460316
0 0.7083333333333333 0.5274470899470899 0.016865079365079364 0.023148148148148147
