0 0.09486607142857142 0.6879960317460317 0.04786706349206349 0.050595238095238096
0 0.18365575396825395 0.6638558201058201 0.021577380952380952 0.045304232804232805
0 0.15823412698412698 0.3948412698412698 0.05257936507936507 0.021164021164021163
0 0.19221230158730157 0.4150132275132275 0.037698412698412696 0.023809523809523808
0 0.22309027777777776 0.42873677248677244 0.04092261904761905 0.02017195767195767
0 0.27901785714285715 0.4621362433862434 0.03521825396825397 0.034060846560846555
0 0.31746031746031744 0.47916666666666663 0.040178571428571425 0.02513227513227513
0 0.39818948412698413 0.4874338624338624 0.034474206349206345 0.025793650793650792
0 0.4350198412698412 0.49437830687830686 0.030257936507936505 0.01984126984126984
0 0.4481646825396825 0.5140542328042328 0.030753968253968252 0.016203703703703703
0 0.46875 0.49867724867724866 0.027777777777777776 0.03306878306878307
0 0.4973958333333333 0.5153769841269841 0.024553571428571428 0.017526455026455025
0 0.5084325396825397 0.5388558201058201 0.03621031746031746 0.026785714285714284
0 0.5474950396825397 0.535218253968254 0.028521825396825396 0.016203703703703703
0 0.5473710317460317 0.5494378306878307 0.031746031746031744 0.01488095238095238
0 0.5550595238095237 0.5724206349206349 0.02132936507936508 0.031084656084656083
0 0.5751488095238095 0.5608465608465608 0.025297619047619048 0.018518518518518517
0 0.595734126984127 0.5550595238095237 0.022817460317460316 0.015542328042328041
0 0.6222718253968254 0.5398478835978836 0.025793650793650792 0.020833333333333332
0 0.6950644841269841 0.5494378306878307 0.021081349206349204 0.026124338624338623
0 0.7276785714285714 0.5717592592592592 0.020833333333333332 0.018518518518518517
0 0.8126240079365079 0.5967261904761905 0.03546626984126984 0.016865079365079364
0 0.6536458333333333 0.6501322751322751 0.027529761904761904 0.023809523809523808
0 0.6825396825396826 0.6790674603174602 0.03125 0.02414021164021164
0 0.7044890873015872 0.6917989417989417 0.021577380952380952 0.022486772486772486
