0 0.018973214285714284 0.5001653439153438 0.03794642857142857 0.04464285714285714
0 0.07093253968253968 0.5372023809523809 0.03819444444444444 0.02943121693121693
0 0.18501984126984125 0.5368716931216931 0.04464285714285714 0.02017195767195767
0 0.20572916666666666 0.5565476190476191 0.0404265873015873 0.023809523809523808
0 0.2415674603174603 0.5567129629629629 0.030753968253968252 0.02546296296296296
0 0.34164186507936506 0.5916005291005291 0.03249007936507936 0.02976190476190476
0 0.36259920634920634 0.6102843915343915 0.029265873015873016 0.021494708994708994
0 0.37214781746031744 0.5922619047619048 0.03298611111111111 0.01917989417989418
0 0.3872767857142857 0.6101190476190476 0.028521825396825396 0.021825396825396824
0 0.4141865079365079 0.6021825396825397 0.023809523809523808 0.031746031746031744
0 0.46242559523809523 0.7025462962962963 0.0339781746031746 0.022817460317460316
0 0.4365079365079365 0.56630291005291 0.03521825396825397 0.0248015873015873
0 0.47346230158730157 0.5778769841269841 0.02827380952380952 0.018187830687830687
0 0.578125 0.6021825396825397 0.028769841269841268 0.017195767195767195
0 0.636656746031746 0.6185515873015872 0.029265873015873016 0.018187830687830687
0 0.6769593253968254 0.644345238095238 0.02058531746031746 0.012896825396825396
0 0.6861359126984127 0.6597222222222222 0.031001984126984124 0.018518518518518517
0 0.755828373015873 0.7428902116402116 0.02554563492063492 0.01488095238095238
0 0.7845982142857142 0.6074735449735449 0.02901785714285714 0.021825396825396824
