0 0.5248015873015873 0.46957671957671954 0.028769841269841268 0.03571428571428571
0 0.5958581349206349 0.45552248677248675 0.024553571428571428 0.023478835978835978
0 0.47681051587301587 0.4932208994708994 0.01810515873015873 0.03273809523809523
0 0.43439980158730157 0.4854497354497354 0.023561507936507936 0.042328042328042326
0 0.40761408730158727 0.478505291005291 0.03298611111111111 0.03835978835978836
0 0.3994295634920635 0.5085978835978836 0.022569444444444444 0.03571428571428571
0 0.4130704365079365 0.5329034391534391 0.031001984126984124 0.034722222222222224
0 0.4577132936507936 0.5261243386243386 0.02901785714285714 0.026455026455026454
0 0.45808531746031744 0.5588624338624338 0.026289682539682536 0.04298941798941799
0 0.5109126984126984 0.5588624338624338 0.026785714285714284 0.023809523809523808
0 0.49007936507936506 0.578207671957672 0.03521825396825397 0.03207671957671958
0 0.5203373015873015 0.517691798941799 0.02232142857142857 0.021494708994708994
0 0.5114087301587301 0.5279431216931216 0.023809523809523808 0.016203703703703703
0 0.4872271825396825 0.5395171957671957 0.020089285714285712 0.027447089947089946
0 0.5473710317460317 0.5302579365079365 0.025297619047619048 0.027447089947089946
0 0.5628720238095237 0.5552248677248677 0.027033730158730156 0.0205026455026455
0 0.5794890873015873 0.5719246031746031 0.02306547619047619 0.03141534391534391
0 0.5802331349206349 0.5968915343915343 0.027033730158730156 0.031084656084656083
0 0.7837301587301587 0.6484788359788359 0.028769841269841268 0.023809523809523808
0 0.7523561507936507 0.6688161375661376 0.031994047619047616 0.023478835978835978
0 0.28856646825396826 0.4487433862433862 0.03249007936507936 0.02976190476190476
0 0.279265873015873 0.4801587301587301 0.0248015873015873 0.03373015873015873
0 0.31039186507936506 0.5147156084656085 0.03844246031746031 0.030753968253968252
0 0.5756448412698413 0.8316798941798942 0.02976190476190476 0.01984126984126984
0 0.5473710317460317 0.8166335978835978 0.020833333333333332 0.0367063492063492
0 0.5290178571428571 0.830026455026455 0.012896825396825396 0.04365079365079365
0 0.46428571428571425 0.7782738095238095 0.028769841269841268 0.015542328042328041
0 0.484375 0.7913359788359788 0.027777777777777776 0.02447089947089947
0 0.4818948412698412 0.8187830687830687 0.0248015873015873 0.037698412698412696
0 0.3727678571428571 0.8287037037037036 0.029265873015873016 0.03373015873015873
