0 0.8785962301587301 0.6408730158730158 0.03645833333333333 0.027777777777777776
0 0.828000992063492 0.6526124338624338 0.02554563492063492 0.04067460317460317
0 0.8306051587301587 0.6101190476190476 0.023809523809523808 0.04034391534391534
0 0.7915426587301587 0.6390542328042328 0.035962301587301584 0.027447089947089946
0 0.7900545634920635 0.6059854497354497 0.015128968253968252 0.038029100529100524
0 0.7810019841269841 0.6167328042328042 0.01488095238095238 0.026455026455026454
0 0.7664930555555555 0.5785383597883598 0.021577380952380952 0.026785714285714284
0 0.7669890873015872 0.544808201058201 0.017113095238095236 0.04662698412698413
0 0.7709573412698413 0.44758597883597884 0.018601190476190476 0.05588624338624339
0 0.7447916666666666 0.517361111111111 0.012896825396825396 0.03538359788359788
0 0.6826636904761905 0.5304232804232804 0.02405753968253968 0.04365079365079365
0 0.7047371031746031 0.5758928571428571 0.022073412698412696 0.028769841269841268
0 0.7253224206349206 0.6005291005291005 0.025049603174603172 0.04298941798941799
0 0.6824156746031745 0.6436838624338624 0.02802579365079365 0.04133597883597884
0 0.6515376984126984 0.6526124338624338 0.033234126984126984 0.06117724867724868
0 0.5744047619047619 0.4872685185185185 0.025793650793650792 0.03009259259259259
0 0.5892857142857143 0.4733796296296296 0.020833333333333332 0.03273809523809523
0 0.5949900793650793 0.5307539682539683 0.023313492063492064 0.03306878306878307
0 0.6045386904761905 0.521494708994709 0.02554563492063492 0.03439153439153439
0 0.630828373015873 0.5140542328042328 0.031001984126984124 0.03273809523809523
0 0.6343005952380952 0.5271164021164021 0.028521825396825396 0.02513227513227513
0 0.3725198412698412 0.5114087301587301 0.02827380952380952 0.0333994708994709
0 0.35119047619047616 0.4884259259259259 0.025297619047619048 0.03306878306878307
0 0.16604662698412698 0.595568783068783 0.020089285714285712 0.042328042328042326
0 0.14583333333333331 0.5990410052910052 0.021825396825396824 0.038029100529100524
0 0.06225198412698412 0.5522486772486772 0.03819444444444444 0.02976190476190476
0 0.10726686507936507 0.5560515873015873 0.03546626984126984 0.0333994708994709
0 0.1171875 0.5479497354497355 0.026537698412698412 0.02976190476190476
0 0.6413690476190476 0.8291997354497354 0.02232142857142857 0.026124338624338623
0 0.6666666666666666 0.8430886243386243 0.0183531746031746 0.018849206349206348
0 0.6918402777777778 0.8277116402116401 0.013640873015873016 0.027116402116402115
0 0.7759176587301587 0.810515873015873 0.022569444444444444 0.013888888888888888
0 0.7872023809523809 0.8313492063492063 0.013888888888888888 0.027777777777777776
0 0.8315972222222222 0.8511904761904762 0.022817460317460316 0.02513227513227513
0 0.7527281746031745 0.8048941798941799 0.019345238095238096 0.01521164021164021
