0 0.9893353174603174 0.6383928571428571 0.020833333333333332 0.02414021164021164
0 0.9680059523809523 0.617063492063492 0.02132936507936508 0.017195767195767195
0 0.9554811507936507 0.5962301587301587 0.028521825396825396 0.021825396825396824
0 0.9717261904761905 0.5704365079365079 0.01984126984126984 0.03042328042328042
0 0.890500992063492 0.5805224867724867 0.022073412698412696 0.038029100529100524
0 0.8547867063492063 0.41121031746031744 0.018601190476190476 0.04067460317460317
0 0.626984126984127 0.4930555555555555 0.025297619047619048 0.021164021164021163
0 0.6395089285714285 0.46312830687830686 0.01909722222222222 0.027447089947089946
0 0.6020585317460317 0.49520502645502645 0.017609126984126984 0.014219576719576719
0 0.8226686507936507 0.7015542328042328 0.022817460317460316 0.028769841269841268
0 0.9379960317460317 0.7542989417989417 0.020833333333333332 0.017195767195767195
0 0.8701636904761905 0.7349537037037036 0.026041666666666664 0.014219576719576719
0 0.8700396825396824 0.7501653439153438 0.022817460317460316 0.01025132275132275
0 0.5106646825396826 0.5434854497354497 0.030257936507936505 0.026785714285714284
0 0.505704365079365 0.5226521164021164 0.01488095238095238 0.02546296296296296
0 0.453125 0.5100859788359788 0.02827380952380952 0.022156084656084655
0 0.4801587301587301 0.5095899470899471 0.026785714285714284 0.021825396825396824
0 0.4732142857142857 0.4933862433862434 0.025793650793650792 0.015873015873015872
0 0.16654265873015872 0.45337301587301587 0.0404265873015873 0.032407407407407406
0 0.2253224206349206 0.5773809523809523 0.02802579365079365 0.027116402116402115
0 0.27033730158730157 0.6101190476190476 0.024305555555555552 0.022486772486772486
