0 0.04464285714285714 0.5386904761904762 0.03422619047619047 0.02513227513227513
0 0.06770833333333333 0.5287698412698413 0.0367063492063492 0.02447089947089947
0 0.10267857142857142 0.5441468253968254 0.037698412698412696 0.02414021164021164
0 0.27802579365079366 0.4975198412698412 0.017361111111111112 0.018849206349206348
0 0.32018849206349204 0.4375 0.024305555555555552 0.032407407407407406
0 0.3298611111111111 0.4489087301587301 0.02232142857142857 0.02017195767195767
0 0.3561507936507936 0.4532076719576719 0.03125 0.010912698412698412
0 0.36086309523809523 0.46759259259259256 0.025793650793650792 0.016534391534391533
0 0.408110119047619 0.41385582010582006 0.025049603174603172 0.03538359788359788
0 0.4229910714285714 0.4360119047619047 0.02058531746031746 0.03009259259259259
0 0.40277777777777773 0.4540343915343915 0.023809523809523808 0.01917989417989418
0 0.3948412698412698 0.4751984126984127 0.024305555555555552 0.018518518518518517
0 0.3767361111111111 0.5104166666666666 0.03125 0.03009259259259259
0 0.42410714285714285 0.5062830687830687 0.028769841269841268 0.022486772486772486
0 0.3447420634920635 0.5001653439153438 0.01984126984126984 0.03141534391534391
0 0.3298611111111111 0.4871031746031746 0.027281746031746032 0.01917989417989418
0 0.3081597222222222 0.4871031746031746 0.01413690476190476 0.026455026455026454
0 0.3177083333333333 0.5014880952380952 0.028769841269841268 0.02017195767195767
0 0.32366071428571425 0.5190145502645502 0.020337301587301584 0.04067460317460317
0 0.4579613095238095 0.41534391534391535 0.041914682539682536 0.021825396825396824
0 0.5355902777777778 0.36937830687830686 0.03249007936507936 0.02447089947089947
0 0.535094246031746 0.4429563492063492 0.037450396825396824 0.016203703703703703
0 0.4640376984126984 0.445271164021164 0.020337301587301584 0.027447089947089946
0 0.48945932539682535 0.46395502645502645 0.03794642857142857 0.025793650793650792
0 0.5393105158730158 0.46164021164021163 0.0339781746031746 0.018518518518518517
0 0.5587797619047619 0.4809854497354497 0.027281746031746032 0.022817460317460316
0 0.5395585317460317 0.48363095238095233 0.027033730158730156 0.016865079365079364
0 0.566468253968254 0.5089285714285714 0.02132936507936508 0.028439153439153438
0 0.574280753968254 0.5289351851851851 0.026041666666666664 0.012896825396825396
0 0.5842013888888888 0.507771164021164 0.019593253968253968 0.011574074074074073
0 0.5982142857142857 0.5206679894179894 0.023313492063492064 0.013558201058201057
0 0.6237599206349206 0.5133928571428571 0.025297619047619048 0.03009259259259259
0 0.6975446428571428 0.5406746031746031 0.03249007936507936 0.017857142857142856
0 0.6846478174603174 0.5183531746031745 0.01909722222222222 0.016865079365079364
0 0.6206597222222222 0.35383597883597884 0.02802579365079365 0.041005291005291
0 0.5571676587301587 0.7493386243386243 0.021577380952380952 0.023148148148148147
0 0.33556547619047616 0.6765873015873015 0.0248015873015873 0.02513227513227513
0 0.2941468253968254 0.6665013227513227 0.04117063492063492 0.020833333333333332
