0 0.033234126984126984 0.27480158730158727 0.03869047619047619 0.03835978835978836
0 0.014756944444444444 0.3118386243386243 0.029513888888888888 0.03042328042328042
0 0.20709325396825395 0.36855158730158727 0.04464285714285714 0.04265873015873016
0 0.2007688492063492 0.40608465608465605 0.034970238095238096 0.031084656084656083
0 0.23598710317460317 0.42857142857142855 0.031001984126984124 0.025793650793650792
0 0.2537202380952381 0.4576719576719577 0.03273809523809523 0.027777777777777776
0 0.3679315476190476 0.39467592592592593 0.031001984126984124 0.02414021164021164
0 0.3630952380952381 0.42013888888888884 0.03373015873015873 0.030753968253968252
0 0.2926587301587301 0.5127314814814814 0.02132936507936508 0.04133597883597884
0 0.34424603174603174 0.5787037037037037 0.04414682539682539 0.03373015873015873
0 0.3583829365079365 0.5031415343915344 0.028769841269841268 0.01951058201058201
0 0.3611111111111111 0.4819775132275132 0.030257936507936505 0.026124338624338623
0 0.33568948412698413 0.49470899470899465 0.026041666666666664 0.021825396825396824
0 0.39285714285714285 0.49007936507936506 0.018849206349206348 0.03835978835978836
0 0.41021825396825395 0.4751984126984127 0.02827380952380952 0.017857142857142856
0 0.45002480158730157 0.45634920634920634 0.01810515873015873 0.0291005291005291
0 0.47916666666666663 0.5085978835978836 0.037698412698412696 0.022486772486772486
0 0.46899801587301587 0.5314153439153438 0.030257936507936505 0.012566137566137565
0 0.43551587301587297 0.5386904761904762 0.020337301587301584 0.027777777777777776
0 0.4644097222222222 0.5563822751322751 0.030009920634920632 0.03009259259259259
0 0.4810267857142857 0.5997023809523809 0.017609126984126984 0.045304232804232805
0 0.5240575396825397 0.5963955026455026 0.023809523809523808 0.028108465608465607
0 0.5171130952380952 0.6254960317460317 0.01984126984126984 0.0333994708994709
0 0.5358382936507936 0.6420304232804233 0.022073412698412696 0.03009259259259259
0 0.47197420634920634 0.6615410052910052 0.030257936507936505 0.026124338624338623
0 0.4341517857142857 0.769510582010582 0.013640873015873016 0.028439153439153438
0 0.4192708333333333 0.7708333333333333 0.01810515873015873 0.027777777777777776
0 0.14570932539682538 0.6770833333333333 0.022569444444444444 0.02414021164021164
0 0.1837797619047619 0.703042328042328 0.010416666666666666 0.023809523809523808
0 0.18824404761904762 0.6903108465608465 0.01488095238095238 0.016865079365079364
0 0.6408730158730158 0.7814153439153438 0.017857142857142856 0.027116402116402115
0 0.6161954365079365 0.8399470899470899 0.025049603174603172 0.021825396825396824
