0 0.1484375 0.35978835978835977 0.03050595238095238 0.027777777777777776
0 0.17894345238095238 0.36607142857142855 0.029513888888888888 0.023809523809523808
0 0.2096974206349206 0.4064153439153439 0.027033730158730156 0.0291005291005291
0 0.23598710317460317 0.4123677248677248 0.028521825396825396 0.017857142857142856
0 0.24950396825396823 0.4322089947089947 0.041666666666666664 0.021164021164021163
0 0.30617559523809523 0.45122354497354494 0.034970238095238096 0.0248015873015873
0 0.3040674603174603 0.3308531746031746 0.03869047619047619 0.028108465608465607
0 0.37996031746031744 0.35284391534391535 0.01984126984126984 0.037037037037037035
0 0.4012896825396825 0.38161375661375657 0.020337301587301584 0.01521164021164021
0 0.4243551587301587 0.3978174603174603 0.026289682539682536 0.02513227513227513
0 0.37723214285714285 0.45667989417989413 0.02976190476190476 0.0205026455026455
0 0.40687003968253965 0.4636243386243386 0.026537698412698412 0.016534391534391533
0 0.43365575396825395 0.47255291005291 0.021081349206349204 0.02976190476190476
0 0.416046626984127 0.4905753968253968 0.018601190476190476 0.0248015873015873
0 0.4382440476190476 0.49636243386243384 0.02976190476190476 0.013227513227513227
0 0.47705853174603174 0.46957671957671954 0.022073412698412696 0.01917989417989418
0 0.3663194444444444 0.5887896825396826 0.031746031746031744 0.027447089947089946
0 0.4202628968253968 0.7394179894179894 0.016617063492063492 0.04034391534391534
0 0.40066964285714285 0.738095238095238 0.017113095238095236 0.032407407407407406
0 0.17423115079365079 0.679563492063492 0.017113095238095236 0.02976190476190476
0 0.5997023809523809 0.7771164021164021 0.029265873015873016 0.021164021164021163
0 0.5928819444444444 0.7136243386243386 0.02901785714285714 0.01917989417989418
0 0.642609126984127 0.7638888888888888 0.020337301587301584 0.017857142857142856
0 0.552703373015873 0.6701388888888888 0.027033730158730156 0.028108465608465607
0 0.5283978174603174 0.623015873015873 0.013640873015873016 0.028439153439153438
0 0.5208333333333333 0.6003637566137566 0.0248015873015873 0.016865079365079364
0 0.5341021825396826 0.5869708994708994 0.01909722222222222 0.02976190476190476
0 0.5122767857142857 0.5735780423280423 0.024553571428571428 0.026785714285714284
0 0.48846726190476186 0.5667989417989417 0.022073412698412696 0.022486772486772486
