0 0.13467261904761904 0.34375 0.0248015873015873 0.03009259259259259
0 0.19866071428571427 0.3804563492063492 0.030257936507936505 0.018849206349206348
0 0.19580853174603174 0.3978174603174603 0.03050595238095238 0.023148148148148147
0 0.2259424603174603 0.41104497354497355 0.03125 0.03439153439153439
0 0.26959325396825395 0.4333664021164021 0.034722222222222224 0.018187830687830687
0 0.2666170634920635 0.44775132275132273 0.031746031746031744 0.01984126984126984
0 0.328125 0.3526785714285714 0.03422619047619047 0.027447089947089946
0 0.33816964285714285 0.47900132275132273 0.03695436507936508 0.03207671957671958
0 0.402281746031746 0.4831349206349206 0.023809523809523808 0.028439153439153438
0 0.40500992063492064 0.3804563492063492 0.0183531746031746 0.034722222222222224
0 0.44084821428571425 0.41567460317460314 0.02901785714285714 0.02447089947089947
0 0.41976686507936506 0.416005291005291 0.02058531746031746 0.028439153439153438
0 0.4289434523809524 0.48032407407407407 0.026537698412698412 0.022156084656084655
0 0.45994543650793646 0.45023148148148145 0.014632936507936508 0.03141534391534391
0 0.4464285714285714 0.4895833333333333 0.02232142857142857 0.0248015873015873
0 0.44965277777777773 0.5142195767195767 0.023313492063492064 0.01917989417989418
0 0.4661458333333333 0.5102513227513227 0.027033730158730156 0.017195767195767195
0 0.3970734126984127 0.6053240740740741 0.034722222222222224 0.026785714285714284
0 0.16158234126984125 0.6565806878306878 0.026537698412698412 0.022817460317460316
0 0.20572916666666666 0.691137566137566 0.017609126984126984 0.027777777777777776
0 0.42410714285714285 0.7452050264550264 0.017361111111111112 0.034722222222222224
0 0.43886408730158727 0.7457010582010581 0.012648809523809524 0.03306878306878307
0 0.6077628968253967 0.7881944444444444 0.027529761904761904 0.02017195767195767
0 0.6609623015873015 0.7709986772486772 0.029265873015873016 0.018187830687830687
0 0.601438492063492 0.7212301587301587 0.030257936507936505 0.017195767195767195
0 0.5747767857142857 0.6906415343915343 0.02802579365079365 0.026124338624338623
0 0.5496031746031745 0.6329365079365079 0.021825396825396824 0.023809523809523808
0 0.5504712301587301 0.6099537037037037 0.016121031746031744 0.022156084656084655
0 0.5229414682539683 0.6026785714285714 0.018601190476190476 0.01951058201058201
0 0.5143849206349206 0.5795304232804233 0.022817460317460316 0.020833333333333332
0 0.5378224206349206 0.5911044973544973 0.02306547619047619 0.018187830687830687
