0 0.03273809523809523 0.2876984126984127 0.04513888888888889 0.037698412698412696
0 0.1576140873015873 0.359292328042328 0.03149801587301587 0.022156084656084655
0 0.15203373015873015 0.3839285714285714 0.031746031746031744 0.03439153439153439
0 0.22482638888888887 0.37665343915343913 0.030009920634920632 0.023148148148148147
0 0.23077876984126983 0.3958333333333333 0.029513888888888888 0.01984126984126984
0 0.30022321428571425 0.32258597883597884 0.034474206349206345 0.026785714285714284
0 0.24776785714285712 0.4196428571428571 0.026785714285714284 0.0291005291005291
0 0.2876984126984127 0.4446097883597883 0.03422619047619047 0.030753968253968252
0 0.4040178571428571 0.3839285714285714 0.019345238095238096 0.037037037037037035
0 0.42757936507936506 0.390542328042328 0.031746031746031744 0.023809523809523808
0 0.43464781746031744 0.41550925925925924 0.019593253968253968 0.021494708994708994
0 0.4210069444444444 0.46312830687830686 0.021577380952380952 0.030753968253968252
0 0.3525545634920635 0.48363095238095233 0.03050595238095238 0.0367063492063492
0 0.4228670634920635 0.49107142857142855 0.022817460317460316 0.0205026455026455
0 0.4446924603174603 0.48462301587301587 0.017361111111111112 0.04133597883597884
0 0.46502976190476186 0.49801587301587297 0.027281746031746032 0.011904761904761904
0 0.462797619047619 0.5145502645502645 0.017361111111111112 0.021164021164021163
0 0.5075644841269841 0.5796957671957672 0.02306547619047619 0.028439153439153438
0 0.5277777777777778 0.5841600529100529 0.015873015873015872 0.034722222222222224
0 0.5412946428571428 0.5970568783068783 0.012152777777777776 0.03009259259259259
0 0.5560515873015873 0.613095238095238 0.020337301587301584 0.032407407407407406
0 0.5502232142857143 0.6331018518518519 0.027033730158730156 0.022156084656084655
0 0.5752728174603174 0.6868386243386243 0.016121031746031744 0.02976190476190476
0 0.5887896825396826 0.7056878306878307 0.021825396825396824 0.01521164021164021
0 0.5890376984126984 0.7817460317460317 0.024305555555555552 0.01521164021164021
0 0.5704365079365079 0.7718253968253967 0.020833333333333332 0.011243386243386243
0 0.4270833333333333 0.7291666666666666 0.017857142857142856 0.025793650793650792
0 0.44258432539682535 0.7237103174603174 0.01413690476190476 0.02943121693121693
0 0.20126488095238093 0.6772486772486772 0.018601190476190476 0.03042328042328042
0 0.15414186507936506 0.6466600529100529 0.02901785714285714 0.018849206349206348
0 0.1966765873015873 0.6574074074074073 0.01984126984126984 0.018518518518518517
