0 0.2439236111111111 0.6631944444444444 0.044394841269841265 0.02546296296296296
0 0.23189484126984125 0.5787037037037037 0.03373015873015873 0.05291005291005291
0 0.29042658730158727 0.5286044973544973 0.03422619047619047 0.022156084656084655
0 0.31684027777777773 0.5100859788359788 0.029513888888888888 0.022156084656084655
0 0.3482142857142857 0.5226521164021164 0.026785714285714284 0.036044973544973546
0 0.287078373015873 0.5059523809523809 0.02901785714285714 0.023809523809523808
0 0.2735615079365079 0.5072751322751322 0.024305555555555552 0.031084656084656083
0 0.26624503968253965 0.49371693121693117 0.02058531746031746 0.02447089947089947
0 0.29141865079365076 0.4864417989417989 0.030753968253968252 0.013888888888888888
0 0.31212797619047616 0.4907407407407407 0.022569444444444444 0.031084656084656083
0 0.28683035714285715 0.4575066137566137 0.021577380952380952 0.034722222222222224
0 0.30704365079365076 0.4697420634920635 0.026785714285714284 0.013558201058201057
0 0.3464781746031746 0.43634259259259256 0.0248015873015873 0.02414021164021164
0 0.33246527777777773 0.445271164021164 0.031001984126984124 0.013558201058201057
0 0.3289930555555555 0.46825396825396826 0.020089285714285712 0.016534391534391533
0 0.3394097222222222 0.4551917989417989 0.026537698412698412 0.012896825396825396
0 0.47891865079365076 0.45552248677248675 0.030753968253968252 0.020833333333333332
0 0.511532738095238 0.4735449735449735 0.0404265873015873 0.03042328042328042
0 0.4802827380952381 0.47288359788359785 0.0339781746031746 0.023148148148148147
0 0.5550595238095237 0.4176587301587301 0.03224206349206349 0.037037037037037035
0 0.6221478174603174 0.49222883597883593 0.035962301587301584 0.026785714285714284
0 0.5906498015873015 0.48495370370370366 0.034474206349206345 0.026785714285714284
0 0.6607142857142857 0.5003306878306878 0.011408730158730158 0.0291005291005291
0 0.6031746031746031 0.5031415343915344 0.02132936507936508 0.014219576719576719
0 0.5895337301587301 0.5114087301587301 0.025793650793650792 0.01951058201058201
0 0.6135912698412698 0.519510582010582 0.029265873015873016 0.015873015873015872
0 0.6184275793650793 0.5345568783068783 0.02901785714285714 0.020833333333333332
0 0.5721726190476191 0.7328042328042328 0.01984126984126984 0.021164021164021163
0 0.5388144841269841 0.736276455026455 0.017113095238095236 0.020833333333333332
