0 0.32440476190476186 0.7141203703703703 0.051587301587301584 0.03141534391534391
0 0.2724454365079365 0.7614087301587301 0.025049603174603172 0.022817460317460316
0 0.3835565476190476 0.6906415343915343 0.031001984126984124 0.027447089947089946
0 0.41381448412698413 0.6848544973544973 0.031994047619047616 0.03571428571428571
0 0.42001488095238093 0.7041997354497355 0.031994047619047616 0.023478835978835978
0 0.45101686507936506 0.6706349206349206 0.04092261904761905 0.032407407407407406
0 0.5223214285714285 0.6861772486772486 0.03968253968253968 0.02447089947089947
0 0.5008680555555556 0.6645171957671957 0.03149801587301587 0.023478835978835978
0 0.5721726190476191 0.6942791005291005 0.02976190476190476 0.02017195767195767
0 0.6231398809523809 0.6926256613756613 0.025049603174603172 0.01951058201058201
0 0.6594742063492063 0.6957671957671957 0.026289682539682536 0.027116402116402115
0 0.6852678571428571 0.6972552910052909 0.027281746031746032 0.020833333333333332
0 0.7163938492063492 0.5681216931216931 0.03695436507936508 0.02976190476190476
0 0.7290426587301587 0.5115740740740741 0.0339781746031746 0.028439153439153438
