0 0.3082837301587301 0.7056878306878307 0.04563492063492063 0.04497354497354497
0 0.4040178571428571 0.6919642857142857 0.043154761904761904 0.02546296296296296
0 0.4239831349206349 0.6626984126984127 0.031001984126984124 0.023148148148148147
0 0.4365079365079365 0.675760582010582 0.03571428571428571 0.015542328042328041
0 0.4616815476190476 0.6638558201058201 0.028521825396825396 0.028769841269841268
0 0.49541170634920634 0.6681547619047619 0.0339781746031746 0.020833333333333332
0 0.5343501984126984 0.658068783068783 0.025049603174603172 0.022486772486772486
0 0.5270337301587301 0.6711309523809523 0.03273809523809523 0.018187830687830687
0 0.5844494047619048 0.6865079365079365 0.038938492063492064 0.027116402116402115
0 0.6238839285714285 0.69130291005291 0.037450396825396824 0.02414021164021164
0 0.6592261904761905 0.6942791005291005 0.0248015873015873 0.018187830687830687
0 0.6904761904761905 0.6840277777777778 0.026289682539682536 0.016865079365079364
0 0.540798611111111 0.6979166666666666 0.026041666666666664 0.022156084656084655
0 0.5457589285714285 0.6838624338624338 0.022569444444444444 0.01917989417989418
0 0.7300347222222222 0.5069444444444444 0.03050595238095238 0.022486772486772486
0 0.7559523809523809 0.5577050264550264 0.03422619047619047 0.038029100529100524
