0 0.48908730158730157 0.4603174603174603 0.017857142857142856 0.06018518518518518
0 0.5178571428571428 0.42427248677248675 0.017857142857142856 0.06613756613756613
0 0.4949156746031746 0.2536375661375661 0.026537698412698412 0.06613756613756613
0 0.4933035714285714 0.08416005291005291 0.021825396825396824 0.07242063492063491
0 0.5658482142857143 0.35962301587301587 0.03943452380952381 0.06316137566137565
0 0.5634920634920635 0.30274470899470896 0.05357142857142857 0.04464285714285714
0 0.5390625 0.6256613756613756 0.03249007936507936 0.03902116402116402
0 0.5219494047619048 0.6618716931216931 0.03249007936507936 0.057870370370370364
0 0.5824652777777778 0.6431878306878307 0.029513888888888888 0.04563492063492063
0 0.3774801587301587 0.578042328042328 0.034722222222222224 0.047619047619047616
0 0.5766369047619048 0.8488756613756613 0.02232142857142857 0.06415343915343916
0 0.36235119047619047 0.06283068783068782 0.029265873015873016 0.04034391534391534
