0 0.5109126984126984 0.48065476190476186 0.010416666666666666 0.03538359788359788
0 0.49355158730158727 0.42658730158730157 0.023809523809523808 0.013227513227513227
0 0.5560515873015873 0.5023148148148148 0.026289682539682536 0.01521164021164021
0 0.5393105158730158 0.4983465608465608 0.008680555555555556 0.03306878306878307
0 0.541046626984127 0.5582010582010581 0.01909722222222222 0.018518518518518517
0 0.5465029761904762 0.4247685185185185 0.022073412698412696 0.02546296296296296
0 0.5182291666666666 0.3857473544973545 0.013144841269841268 0.03273809523809523
0 0.5140128968253967 0.3629298941798942 0.022569444444444444 0.026785714285714284
0 0.5834573412698413 0.45998677248677244 0.025049603174603172 0.027116402116402115
0 0.4975198412698412 0.40591931216931215 0.02132936507936508 0.030753968253968252
0 0.48239087301587297 0.36078042328042326 0.017857142857142856 0.028439153439153438
0 0.5895337301587301 0.4933862433862434 0.017361111111111112 0.03571428571428571
0 0.580109126984127 0.5049603174603174 0.019345238095238096 0.023148148148148147
0 0.556423611111111 0.8098544973544973 0.011160714285714284 0.03968253968253968
0 0.3353174603174603 0.6612103174603174 0.013888888888888888 0.023478835978835978
0 0.5477430555555556 0.9545304232804233 0.02306547619047619 0.022817460317460316
0 0.7490079365079365 0.31316137566137564 0.03373015873015873 0.017195767195767195
0 0.7738095238095237 0.40178571428571425 0.03521825396825397 0.0291005291005291
0 0.7896825396825397 0.6177248677248677 0.0248015873015873 0.041666666666666664
