0 0.6557539682539683 0.6025132275132274 0.022817460317460316 0.046957671957671955
0 0.6166914682539683 0.6512896825396826 0.020089285714285712 0.03869047619047619
0 0.6042906746031745 0.6119378306878307 0.021081349206349204 0.04067460317460317
0 0.6650545634920635 0.6982473544973544 0.04141865079365079 0.023478835978835978
0 0.7080853174603174 0.6919642857142857 0.04712301587301587 0.0248015873015873
0 0.7087053571428571 0.7567791005291005 0.034474206349206345 0.05654761904761904
0 0.6283482142857143 0.7478505291005291 0.016617063492063492 0.06183862433862433
0 0.6715029761904762 0.9092261904761905 0.022073412698412696 0.04133597883597884
0 0.6839037698412698 0.8531746031746031 0.02306547619047619 0.03042328042328042
0 0.6684027777777778 0.9398148148148148 0.020337301587301584 0.046296296296296294
0 0.6462053571428571 0.9300595238095237 0.01909722222222222 0.048611111111111105
0 0.5166170634920635 0.826058201058201 0.023809523809523808 0.046296296296296294
0 0.6937003968253967 0.9055886243386243 0.030257936507936505 0.026124338624338623
0 0.7125496031746031 0.8928571428571428 0.03125 0.03902116402116402
0 0.5502232142857143 0.6187169312169312 0.017609126984126984 0.02976190476190476
0 0.566220238095238 0.12301587301587301 0.021825396825396824 0.03439153439153439
0 0.5518353174603174 0.11921296296296295 0.019345238095238096 0.04596560846560846
0 0.527157738095238 0.12533068783068782 0.026041666666666664 0.023148148148148147
0 0.5386904761904762 0.08978174603174603 0.008432539682539682 0.04794973544973545
