0 0.7001488095238095 0.2521494708994709 0.014384920634920634 0.04067460317460317
0 0.6939484126984127 0.3042328042328042 0.0248015873015873 0.04431216931216931
0 0.7168898809523809 0.3411044973544973 0.027529761904761904 0.0367063492063492
0 0.7211061507936507 0.41220238095238093 0.021081349206349204 0.04265873015873016
0 0.747891865079365 0.3907076719576719 0.033482142857142856 0.04199735449735449
0 0.8100198412698413 0.33035714285714285 0.0625 0.026455026455026454
0 0.7335069444444444 0.4437830687830688 0.03050595238095238 0.03505291005291005
0 0.7690972222222222 0.580191798941799 0.02827380952380952 0.04464285714285714
0 0.7318948412698413 0.6159060846560847 0.02132936507936508 0.04464285714285714
0 0.7201140873015872 0.6610449735449735 0.020089285714285712 0.046957671957671955
0 0.7501240079365079 0.6741071428571428 0.01909722222222222 0.04794973544973545
0 0.7843501984126984 0.6947751322751322 0.043402777777777776 0.0205026455026455
0 0.7938988095238095 0.6555886243386243 0.041666666666666664 0.0248015873015873
0 0.7397073412698413 0.7943121693121693 0.017113095238095236 0.047619047619047616
0 0.6808035714285714 0.9715608465608465 0.024305555555555552 0.056216931216931214
