0 0.5587797619047619 0.6010251322751322 0.030257936507936505 0.01488095238095238
0 0.5481150793650793 0.5861441798941799 0.024305555555555552 0.018187830687830687
0 0.5832093253968254 0.6451719576719577 0.011160714285714284 0.022486772486772486
0 0.5651041666666666 0.6261574074074073 0.022569444444444444 0.026124338624338623
0 0.5786210317460317 0.6944444444444444 0.026785714285714284 0.016534391534391533
0 0.7251984126984127 0.6001984126984127 0.03125 0.031746031746031744
0 0.677703373015873 0.8091931216931216 0.015625 0.03373015873015873
0 0.08172123015873016 0.34523809523809523 0.019593253968253968 0.037037037037037035
0 0.16827876984126983 0.47619047619047616 0.021577380952380952 0.022486772486772486
0 0.19047619047619047 0.1802248677248677 0.018849206349206348 0.057539682539682536
0 0.19345238095238093 0.0603505291005291 0.02232142857142857 0.043320105820105814
0 0.4977678571428571 0.9899140211640212 0.020337301587301584 0.01951058201058201
