0 0.33382936507936506 0.5712632275132274 0.026785714285714284 0.01951058201058201
0 0.2873263888888889 0.5988756613756614 0.017113095238095236 0.032407407407407406
0 0.6538938492063492 0.6750992063492063 0.023561507936507936 0.038029100529100524
0 0.7163938492063492 0.6283068783068783 0.04290674603174603 0.02513227513227513
0 0.876984126984127 0.7455357142857142 0.016865079365079364 0.022156084656084655
0 0.28360615079365076 0.5343915343915344 0.020089285714285712 0.023809523809523808
0 0.04786706349206349 0.4927248677248677 0.020337301587301584 0.01984126984126984
0 0.23487103174603174 0.5907738095238095 0.0183531746031746 0.03736772486772487
0 0.5109126984126984 0.6284722222222222 0.013888888888888888 0.02017195767195767
0 0.31994047619047616 0.5441468253968254 0.025297619047619048 0.020833333333333332
