0 0.5069444444444444 0.5026455026455026 0.025793650793650792 0.011904761904761904
0 0.511780753968254 0.515707671957672 0.020089285714285712 0.01488095238095238
0 0.521453373015873 0.5201719576719577 0.022569444444444444 0.018518518518518517
0 0.5197172619047619 0.5317460317460317 0.020089285714285712 0.018518518518518517
0 0.5021081349206349 0.5439814814814814 0.016617063492063492 0.013227513227513227
0 0.4995039682539682 0.5342261904761905 0.02232142857142857 0.00958994708994709
0 0.4830109126984127 0.5421626984126984 0.01909722222222222 0.01025132275132275
0 0.44680059523809523 0.5373677248677249 0.01810515873015873 0.013888888888888888
0 0.42757936507936506 0.5322420634920635 0.017857142857142856 0.00958994708994709
0 0.36408730158730157 0.5089285714285714 0.00744047619047619 0.01917989417989418
0 0.37636408730158727 0.517526455026455 0.01909722222222222 0.011904761904761904
0 0.35825892857142855 0.4933862433862434 0.010168650793650792 0.018518518518518517
0 0.3485863095238095 0.49090608465608465 0.0091765873015873 0.016865079365079364
0 0.33246527777777773 0.4894179894179894 0.022569444444444444 0.01455026455026455
0 0.329985119047619 0.4793320105820106 0.02405753968253968 0.013558201058201057
0 0.15240575396825395 0.4995039682539682 0.024553571428571428 0.022156084656084655
0 0.24069940476190474 0.5787037037037037 0.021577380952380952 0.013888888888888888
0 0.6421130952380952 0.3014219576719577 0.025793650793650792 0.014219576719576719
0 0.6421130952380952 0.5221560846560847 0.024305555555555552 0.013888888888888888
0 0.6556299603174602 0.535218253968254 0.025049603174603172 0.016865079365079364
0 0.6875 0.5362103174603174 0.025793650793650792 0.016865079365079364
0 0.6684027777777778 0.515707671957672 0.028769841269841268 0.017526455026455025
0 0.7043650793650793 0.5209986772486772 0.029265873015873016 0.016203703703703703
0 0.7306547619047619 0.5282738095238095 0.030257936507936505 0.017526455026455025
0 0.7491319444444444 0.5119047619047619 0.03050595238095238 0.016534391534391533
0 0.707093253968254 0.48776455026455023 0.025793650793650792 0.018518518518518517
0 0.8100198412698413 0.5677910052910052 0.025297619047619048 0.026455026455026454
0 0.8089037698412698 0.5423280423280423 0.03050595238095238 0.018518518518518517
0 0.8444940476190476 0.5568783068783069 0.028769841269841268 0.027777777777777776
0 0.8916170634920635 0.5479497354497355 0.03621031746031746 0.021825396825396824
0 0.8521825396825397 0.6279761904761905 0.019345238095238096 0.03902116402116402
0 0.8390376984126984 0.6069775132275131 0.02132936507936508 0.02414021164021164
0 0.7216021825396824 0.6068121693121693 0.016617063492063492 0.03439153439153439
0 0.724578373015873 0.4985119047619047 0.02554563492063492 0.02017195767195767
0 0.7589285714285714 0.48164682539682535 0.041666666666666664 0.020833333333333332
0 0.7943948412698413 0.4864417989417989 0.024305555555555552 0.022486772486772486
0 0.826140873015873 0.49206349206349204 0.0367063492063492 0.021164021164021163
0 0.8686755952380952 0.5013227513227513 0.03844246031746031 0.01455026455026455
0 0.9520089285714285 0.5464616402116402 0.04538690476190476 0.01488095238095238
0 0.990079365079365 0.5462962962962963 0.019345238095238096 0.021825396825396824
0 0.7312748015873015 0.8898809523809523 0.016121031746031744 0.00992063492063492
0 0.39831349206349204 0.6694775132275131 0.008432539682539682 0.022817460317460316
0 0.4273313492063492 0.6512896825396826 0.009424603174603174 0.016865079365079364
