0 0.21825396825396826 0.5603505291005291 0.034722222222222224 0.023478835978835978
0 0.3136160714285714 0.5919312169312169 0.030009920634920632 0.017195767195767195
0 0.3438740079365079 0.5983796296296297 0.03050595238095238 0.03009259259259259
0 0.3883928571428571 0.6011904761904762 0.027281746031746032 0.0205026455026455
0 0.4208829365079365 0.6041666666666666 0.031746031746031744 0.01984126984126984
0 0.4766865079365079 0.6254960317460317 0.023313492063492064 0.022817460317460316
0 0.5172371031746031 0.6124338624338624 0.037450396825396824 0.022486772486772486
0 0.6977926587301587 0.5815145502645502 0.029513888888888888 0.030753968253968252
0 0.6068948412698413 0.660218253968254 0.020337301587301584 0.0248015873015873
0 0.5629960317460317 0.6469907407407407 0.029265873015873016 0.02943121693121693
0 0.7616567460317459 0.5229828042328042 0.04216269841269841 0.022817460317460316
0 0.652281746031746 0.5775462962962963 0.037698412698412696 0.023478835978835978
0 0.636656746031746 0.6041666666666666 0.03422619047619047 0.021164021164021163
0 0.7235863095238095 0.6747685185185185 0.03050595238095238 0.027447089947089946
0 0.7638888888888888 0.6790674603174602 0.023313492063492064 0.027447089947089946
0 0.6684027777777778 0.6779100529100529 0.02232142857142857 0.022486772486772486
0 0.8571428571428571 0.6633597883597884 0.03819444444444444 0.01455026455026455
