0 0.10193452380952381 0.36706349206349204 0.02132936507936508 0.09854497354497355
0 0.3204365079365079 0.22718253968253968 0.017857142857142856 0.05489417989417989
0 0.3056795634920635 0.26901455026455023 0.027033730158730156 0.06779100529100529
0 0.30592757936507936 0.21378968253968253 0.02058531746031746 0.050595238095238096
0 0.3040674603174603 0.15740740740740738 0.027777777777777776 0.057539682539682536
0 0.35491071428571425 0.46329365079365076 0.0183531746031746 0.04563492063492063
0 0.3563988095238095 0.53505291005291 0.017857142857142856 0.05357142857142857
0 0.37227182539682535 0.5333994708994708 0.018849206349206348 0.04894179894179894
0 0.33655753968253965 0.5386904761904762 0.0183531746031746 0.05423280423280423
0 0.34697420634920634 0.5992063492063492 0.018849206349206348 0.062169312169312166
0 0.33482142857142855 0.6613756613756614 0.027777777777777776 0.057539682539682536
0 0.3249007936507936 0.7172619047619048 0.027777777777777776 0.057539682539682536
0 0.3629712301587301 0.7288359788359788 0.031994047619047616 0.05357142857142857
0 0.3516865079365079 0.6841931216931216 0.017857142857142856 0.057539682539682536
0 0.29203869047619047 0.8288690476190476 0.03298611111111111 0.059854497354497355
0 0.30158730158730157 0.7756283068783069 0.03422619047619047 0.04199735449735449
0 0.3655753968253968 0.5929232804232804 0.021825396825396824 0.05092592592592592
0 0.3629712301587301 0.6347552910052909 0.027033730158730156 0.040013227513227514
0 0.35788690476190477 0.16732804232804233 0.026785714285714284 0.12103174603174602
0 0.32167658730158727 0.3232473544973545 0.0248015873015873 0.05654761904761904
0 0.3342013888888889 0.27645502645502645 0.026537698412698412 0.05886243386243386
0 0.34672619047619047 0.3323412698412698 0.03373015873015873 0.05092592592592592
