0 0.43117559523809523 0.5152116402116402 0.033482142857142856 0.051587301587301584
0 0.4663938492063492 0.515707671957672 0.020089285714285712 0.05125661375661375
0 0.4724702380952381 0.5735780423280423 0.023313492063492064 0.05125661375661375
0 0.48239087301587297 0.6635251322751322 0.025297619047619048 0.05853174603174603
0 0.49007936507936506 0.75 0.02132936507936508 0.06481481481481481
0 0.3870287698412698 0.6878306878306878 0.022569444444444444 0.06746031746031746
0 0.39893353174603174 0.7777777777777777 0.022569444444444444 0.08465608465608465
0 0.4118303571428571 0.5482804232804233 0.031001984126984124 0.04894179894179894
0 0.30493551587301587 0.10780423280423279 0.017609126984126984 0.05357142857142857
0 0.3795882936507936 0.13574735449735448 0.021081349206349204 0.03207671957671958
