0 0.19481646825396826 0.6185515873015872 0.08159722222222222 0.05588624338624339
0 0.08072916666666666 0.7795965608465608 0.09399801587301587 0.13921957671957672
0 0.32254464285714285 0.7794312169312169 0.024553571428571428 0.062169312169312166
0 0.3116319444444444 0.7468584656084656 0.02802579365079365 0.0658068783068783
0 0.35391865079365076 0.6159060846560847 0.02232142857142857 0.04662698412698413
0 0.37016369047619047 0.6339285714285714 0.023561507936507936 0.057539682539682536
0 0.3645833333333333 0.6956018518518519 0.018849206349206348 0.050595238095238096
0 0.34771825396825395 0.675595238095238 0.024305555555555552 0.07473544973544974
0 0.3448660714285714 0.7648809523809523 0.019593253968253968 0.0582010582010582
0 0.36272321428571425 0.7853835978835978 0.02802579365079365 0.046957671957671955
0 0.36098710317460314 0.8252314814814814 0.03794642857142857 0.027447089947089946
0 0.33816964285714285 0.8442460317460317 0.01810515873015873 0.05423280423280423
0 0.324156746031746 0.8526785714285714 0.02132936507936508 0.05654761904761904
0 0.31274801587301587 0.8880621693121693 0.037698412698412696 0.07837301587301587
0 0.31808035714285715 0.960813492063492 0.05629960317460317 0.06448412698412698
0 0.34635416666666663 0.9290674603174602 0.034474206349206345 0.07903439153439153
0 0.36693948412698413 0.9026124338624338 0.02901785714285714 0.06779100529100529
