0 0.4923115079365079 0.6416997354497355 0.011904761904761904 0.02943121693121693
0 0.4976438492063492 0.5510912698412698 0.017609126984126984 0.03869047619047619
0 0.470734126984127 0.5836640211640212 0.01240079365079365 0.041005291005291
0 0.4630456349206349 0.6140873015873015 0.011408730158730158 0.03835978835978836
0 0.44655257936507936 0.6097883597883598 0.017113095238095236 0.03835978835978836
0 0.5105406746031745 0.6319444444444444 0.013640873015873016 0.04828042328042328
0 0.5178571428571428 0.7003968253968254 0.010912698412698412 0.04034391534391534
0 0.4792906746031746 0.6617063492063492 0.017113095238095236 0.03373015873015873
0 0.4813988095238095 0.7324735449735449 0.021825396825396824 0.041005291005291
0 0.49032738095238093 0.7633928571428571 0.033234126984126984 0.038029100529100524
0 0.4786706349206349 0.7946428571428571 0.015376984126984126 0.027777777777777776
0 0.4933035714285714 0.783068783068783 0.02132936507936508 0.03439153439153439
0 0.4923115079365079 0.8472222222222222 0.020337301587301584 0.03306878306878307
0 0.5101686507936508 0.8399470899470899 0.011904761904761904 0.036375661375661374
0 0.5217013888888888 0.9667658730158729 0.0339781746031746 0.03538359788359788
0 0.5045882936507936 0.8890542328042328 0.03695436507936508 0.034060846560846555
