0 0.39384920634920634 0.49289021164021163 0.0248015873015873 0.05654761904761904
0 0.4774305555555555 0.45783730158730157 0.01240079365079365 0.059193121693121686
0 0.453125 0.5466269841269841 0.047619047619047616 0.01521164021164021
0 0.4913194444444444 0.6501322751322751 0.023809523809523808 0.06613756613756613
0 0.44593253968253965 0.6527777777777778 0.03621031746031746 0.05092592592592592
0 0.46242559523809523 0.6752645502645502 0.031994047619047616 0.031084656084656083
0 0.4439484126984127 0.7065145502645502 0.025793650793650792 0.05257936507936507
0 0.4283234126984127 0.4839616402116402 0.023809523809523808 0.06316137566137565
0 0.3802083333333333 0.5512566137566137 0.025793650793650792 0.08333333333333333
0 0.41641865079365076 0.5363756613756614 0.0248015873015873 0.046957671957671955
0 0.45213293650793646 0.7533068783068783 0.02976190476190476 0.03571428571428571
0 0.15997023809523808 0.27215608465608465 0.05208333333333333 0.056216931216931214
0 0.15029761904761904 0.28637566137566134 0.03422619047619047 0.036375661375661374
0 0.2917906746031746 0.7263558201058201 0.027529761904761904 0.06183862433862433
