0 0.5414186507936508 0.2761243386243386 0.029265873015873016 0.05026455026455026
0 0.5336061507936508 0.3255621693121693 0.034474206349206345 0.05720899470899471
0 0.5414186507936508 0.21726190476190474 0.0248015873015873 0.06349206349206349
0 0.5236855158730158 0.19857804232804233 0.017113095238095236 0.045304232804232805
0 0.4991319444444444 0.31299603174603174 0.02306547619047619 0.05522486772486772
0 0.4671378968253968 0.5333994708994708 0.031001984126984124 0.07738095238095238
0 0.4847470238095238 0.5419973544973544 0.016121031746031744 0.0667989417989418
0 0.49355158730158727 0.4239417989417989 0.020833333333333332 0.0958994708994709
0 0.4732142857142857 0.4212962962962963 0.0248015873015873 0.05026455026455026
0 0.49553571428571425 0.25826719576719576 0.023809523809523808 0.062169312169312166
0 0.46899801587301587 0.19642857142857142 0.020337301587301584 0.07870370370370369
0 0.4959077380952381 0.12433862433862433 0.02405753968253968 0.06878306878306878
0 0.5141369047619048 0.0916005291005291 0.040178571428571425 0.05357142857142857
0 0.5416666666666666 0.1294642857142857 0.020337301587301584 0.08763227513227513
0 0.470610119047619 0.02364417989417989 0.027529761904761904 0.04728835978835978
0 0.4634176587301587 0.09689153439153439 0.027529761904761904 0.10978835978835978
0 0.4976438492063492 0.7898478835978836 0.044394841269841265 0.06514550264550265
0 0.48834325396825395 0.6550925925925926 0.03819444444444444 0.037698412698412696
0 0.4844990079365079 0.6025132275132274 0.03249007936507936 0.04894179894179894
0 0.4993799603174603 0.5494378306878307 0.022073412698412696 0.0367063492063492
0 0.45808531746031744 0.6643518518518519 0.018849206349206348 0.04365079365079365
0 0.4853670634920635 0.7303240740740741 0.021825396825396824 0.059193121693121686
0 0.537078373015873 0.712797619047619 0.044890873015873016 0.07638888888888888
0 0.5510912698412698 0.8151455026455026 0.03373015873015873 0.08068783068783068
0 0.4753224206349206 0.9558531746031745 0.0339781746031746 0.08697089947089946
0 0.4584573412698412 0.7248677248677249 0.019593253968253968 0.052248677248677246
