0 0.023189484126984124 0.8503637566137565 0.03645833333333333 0.038029100529100524
0 0.19655257936507936 0.9836309523809523 0.043402777777777776 0.03207671957671958
0 0.13293650793650794 0.9841269841269841 0.04662698412698413 0.031084656084656083
0 0.27827380952380953 0.4204695767195767 0.028769841269841268 0.01951058201058201
0 0.4916914682539682 0.8219246031746031 0.025049603174603172 0.053902116402116396
0 0.5024801587301587 0.5831679894179894 0.02827380952380952 0.02414021164021164
0 0.536954365079365 0.6001984126984127 0.027777777777777776 0.021825396825396824
0 0.591765873015873 0.626984126984127 0.021825396825396824 0.01917989417989418
0 0.6034226190476191 0.615079365079365 0.018849206349206348 0.01521164021164021
0 0.6225198412698413 0.6332671957671957 0.02132936507936508 0.032407407407407406
0 0.652405753968254 0.6511243386243386 0.01909722222222222 0.031084656084656083
0 0.5817212301587301 0.6410383597883598 0.019593253968253968 0.03538359788359788
0 0.33643353174603174 0.6167328042328042 0.03794642857142857 0.023148148148148147
0 0.3033234126984127 0.7043650793650793 0.017857142857142856 0.02447089947089947
0 0.40749007936507936 0.7744708994708994 0.026289682539682536 0.02513227513227513
