0 0.5202132936507936 0.16335978835978834 0.029513888888888888 0.07407407407407407
0 0.5524553571428571 0.10433201058201058 0.021577380952380952 0.07638888888888888
0 0.5590277777777778 0.17443783068783067 0.024305555555555552 0.07374338624338624
0 0.4871031746031746 0.14533730158730157 0.02132936507936508 0.08167989417989417
0 0.5204613095238095 0.10697751322751323 0.02802579365079365 0.03736772486772487
0 0.5579117063492063 0.03736772486772487 0.02306547619047619 0.056216931216931214
0 0.47718253968253965 0.2751322751322751 0.023313492063492064 0.04497354497354497
0 0.47557043650793646 0.3371362433862434 0.025049603174603172 0.054563492063492064
0 0.49144345238095233 0.3501984126984127 0.016121031746031744 0.06018518518518518
0 0.46825396825396826 0.4130291005291005 0.017361111111111112 0.04563492063492063
0 0.49801587301587297 0.39831349206349204 0.021825396825396824 0.05522486772486772
0 0.5200892857142857 0.4088955026455026 0.027777777777777776 0.04133597883597884
0 0.5543154761904762 0.46825396825396826 0.0248015873015873 0.08002645502645503
0 0.4885912698412698 0.47734788359788355 0.04216269841269841 0.026785714285714284
0 0.49144345238095233 0.45023148148148145 0.01909722222222222 0.04133597883597884
0 0.5130208333333333 0.49437830687830686 0.022569444444444444 0.05886243386243386
0 0.5133928571428571 0.5565476190476191 0.03224206349206349 0.06481481481481481
0 0.494047619047619 0.6164021164021164 0.028769841269841268 0.05423280423280423
0 0.4868551587301587 0.5400132275132274 0.026289682539682536 0.04431216931216931
0 0.4505208333333333 0.5679563492063492 0.026537698412698412 0.038029100529100524
0 0.5451388888888888 0.546957671957672 0.031746031746031744 0.09391534391534391
0 0.5256696428571428 0.7200727513227513 0.046875 0.1259920634920635
0 0.4913194444444444 0.6957671957671957 0.04414682539682539 0.09126984126984126
0 0.6644345238095237 0.4021164021164021 0.025297619047619048 0.03439153439153439
