0 0.5190972222222222 0.5719246031746031 0.026289682539682536 0.0248015873015873
0 0.5394345238095237 0.6142526455026455 0.0248015873015873 0.034060846560846555
0 0.5538194444444444 0.6279761904761905 0.01240079365079365 0.032407407407407406
0 0.5885416666666666 0.6587301587301587 0.029265873015873016 0.02513227513227513
0 0.5331101190476191 0.6917989417989417 0.021577380952380952 0.03306878306878307
0 0.6225198412698413 0.4575066137566137 0.020337301587301584 0.02017195767195767
0 0.6134672619047619 0.47023809523809523 0.02802579365079365 0.022486772486772486
0 0.5581597222222222 0.4055886243386243 0.013144841269841268 0.02943121693121693
0 0.5767609126984127 0.44047619047619047 0.026537698412698412 0.013888888888888888
0 0.5793650793650793 0.37384259259259256 0.021825396825396824 0.01488095238095238
0 0.5634920634920635 0.3936838624338624 0.011904761904761904 0.03141534391534391
0 0.6285962301587301 0.6679894179894179 0.013144841269841268 0.016534391534391533
0 0.3056795634920635 0.2921626984126984 0.034474206349206345 0.021494708994708994
0 0.22842261904761904 0.2638888888888889 0.027777777777777776 0.01455026455026455
0 0.44692460317460314 0.0958994708994709 0.017361111111111112 0.017195767195767195
0 0.47346230158730157 0.039186507936507936 0.015376984126984126 0.022156084656084655
0 0.4735863095238095 0.05439814814814815 0.017609126984126984 0.018187830687830687
