0 0.48325892857142855 0.5036375661375662 0.026537698412698412 0.051587301587301584
0 0.44221230158730157 0.593584656084656 0.026289682539682536 0.05555555555555555
0 0.7111855158730158 0.42427248677248675 0.0339781746031746 0.03306878306878307
0 0.511532738095238 0.39533730158730157 0.022569444444444444 0.057870370370370364
0 0.7137896825396824 0.1369047619047619 0.028769841269841268 0.0205026455026455
0 0.7464037698412698 0.28720238095238093 0.021081349206349204 0.034060846560846555
0 0.7433035714285714 0.22833994708994707 0.01488095238095238 0.028108465608465607
0 0.665798611111111 0.5428240740740741 0.013144841269841268 0.0248015873015873
0 0.6560019841269841 0.46527777777777773 0.022817460317460316 0.027116402116402115
0 0.6780753968253967 0.5358796296296297 0.0248015873015873 0.020833333333333332
0 0.6902281746031745 0.519510582010582 0.011904761904761904 0.03571428571428571
0 0.6793154761904762 0.43981481481481477 0.010416666666666666 0.03439153439153439
0 0.6723710317460317 0.49636243386243384 0.018849206349206348 0.027116402116402115
0 0.6762152777777778 0.4637896825396825 0.02306547619047619 0.013558201058201057
0 0.6785714285714285 0.7395833333333333 0.023809523809523808 0.0248015873015873
0 0.7211061507936507 0.9241071428571428 0.017113095238095236 0.015542328042328041
