0 0.5610119047619048 0.5828373015873015 0.026785714285714284 0.022156084656084655
0 0.6156994047619048 0.5006613756613756 0.01810515873015873 0.027777777777777776
0 0.6251240079365079 0.5315806878306878 0.011160714285714284 0.030753968253968252
0 0.6349206349206349 0.5160383597883598 0.011408730158730158 0.03141534391534391
0 0.578125 0.4290674603174603 0.01488095238095238 0.03273809523809523
0 0.6378968253968254 0.394510582010582 0.019345238095238096 0.03505291005291005
0 0.6433531746031745 0.4495701058201058 0.010912698412698412 0.03207671957671958
0 0.7354910714285714 0.6746031746031745 0.013640873015873016 0.022486772486772486
0 0.6068948412698413 0.8125 0.025297619047619048 0.03042328042328042
0 0.5735367063492063 0.36590608465608465 0.016617063492063492 0.03141534391534391
0 0.578125 0.23561507936507936 0.023809523809523808 0.018187830687830687
0 0.6525297619047619 0.3622685185185185 0.025793650793650792 0.01951058201058201
0 0.6607142857142857 0.34970238095238093 0.01984126984126984 0.023478835978835978
0 0.5804811507936508 0.3384589947089947 0.017113095238095236 0.02017195767195767
0 0.5653521825396826 0.3407738095238095 0.024553571428571428 0.021494708994708994
0 0.4453125 0.4378306878306878 0.011656746031746032 0.02447089947089947
0 0.49813988095238093 0.632771164021164 0.01810515873015873 0.03273809523809523
0 0.6118551587301587 0.2838955026455026 0.014384920634920634 0.022817460317460316
0 0.44332837301587297 0.047619047619047616 0.01810515873015873 0.023148148148148147
0 0.29675099206349204 0.23131613756613756 0.03050595238095238 0.026785714285714284
0 0.6137152777777778 0.33829365079365076 0.021081349206349204 0.013227513227513227
