0 0.3948412698412698 0.6836970899470899 0.013888888888888888 0.03273809523809523
0 0.5751488095238095 0.5744047619047619 0.027777777777777776 0.01521164021164021
0 0.5638640873015873 0.5562169312169312 0.01810515873015873 0.023809523809523808
0 0.5245535714285714 0.5200066137566137 0.029265873015873016 0.01951058201058201
0 0.6179315476190476 0.7251984126984127 0.01413690476190476 0.036375661375661374
0 0.6432291666666666 0.6087962962962963 0.026041666666666664 0.022486772486772486
0 0.6299603174603174 0.6231812169312169 0.023313492063492064 0.02546296296296296
0 0.6644345238095237 0.7468584656084656 0.02232142857142857 0.030753968253968252
0 0.6937003968253967 0.7452050264550264 0.028769841269841268 0.022156084656084655
0 0.6190476190476191 0.91385582010582 0.017857142857142856 0.04199735449735449
0 0.6930803571428571 0.8822751322751322 0.016121031746031744 0.041666666666666664
0 0.4453125 0.7926587301587301 0.012648809523809524 0.04828042328042328
0 0.5912698412698413 0.9336970899470899 0.022817460317460316 0.030753968253968252
0 0.5913938492063492 0.9598214285714285 0.023561507936507936 0.02414021164021164
0 0.5219494047619048 0.34011243386243384 0.02405753968253968 0.028769841269841268
0 0.2919146825396825 0.4571759259259259 0.027281746031746032 0.0367063492063492
0 0.31572420634920634 0.20998677248677247 0.02827380952380952 0.025793650793650792
0 0.21937003968253968 0.024966931216931214 0.019593253968253968 0.04993386243386243
0 0.24367559523809523 0.12466931216931217 0.0339781746031746 0.0291005291005291
