0 0.1304563492063492 0.8356481481481481 0.06051587301587301 0.04034391534391534
0 0.07390873015873016 0.6626984126984127 0.07192460317460317 0.05489417989417989
0 0.07316468253968253 0.8526785714285714 0.07837301587301587 0.03736772486772487
0 0.11259920634920634 0.8616071428571428 0.06597222222222222 0.045304232804232805
0 0.21726190476190474 0.8154761904761905 0.05555555555555555 0.041666666666666664
0 0.24330357142857142 0.8253968253968254 0.04265873015873016 0.046957671957671955
0 0.2762896825396825 0.8301917989417988 0.023313492063492064 0.059193121693121686
0 0.35900297619047616 0.8172949735449735 0.046875 0.03273809523809523
0 0.38752480158730157 0.7883597883597884 0.04241071428571428 0.03373015873015873
0 0.3369295634920635 0.7118055555555555 0.0404265873015873 0.040013227513227514
0 0.25669642857142855 0.6294642857142857 0.0496031746031746 0.04662698412698413
0 0.2543402777777778 0.66005291005291 0.06572420634920635 0.03306878306878307
0 0.3284970238095238 0.6693121693121693 0.0642361111111111 0.04034391534391534
0 0.3255208333333333 0.6208664021164021 0.03943452380952381 0.06448412698412698
0 0.43725198412698413 0.7567791005291005 0.04513888888888889 0.03207671957671958
0 0.4696180555555555 0.7585978835978836 0.044394841269841265 0.0582010582010582
0 0.517361111111111 0.767691798941799 0.04613095238095238 0.02414021164021164
0 0.607390873015873 0.7609126984126984 0.04513888888888889 0.036375661375661374
0 0.6295882936507936 0.7919973544973544 0.04786706349206349 0.02976190476190476
0 0.5126488095238095 0.6512896825396826 0.03521825396825397 0.05720899470899471
0 0.6569940476190476 0.578207671957672 0.07390873015873016 0.05588624338624339
0 0.43092757936507936 0.6980820105820106 0.034970238095238096 0.04365079365079365
0 0.4919394841269841 0.6805555555555555 0.033482142857142856 0.057539682539682536
0 0.5967261904761905 0.6342592592592592 0.043154761904761904 0.046296296296296294
0 0.5376984126984127 0.6896494708994708 0.03968253968253968 0.034722222222222224
0 0.5851934523809523 0.7078373015873015 0.034474206349206345 0.038029100529100524
0 0.5943700396825397 0.7222222222222222 0.03993055555555555 0.027116402116402115
0 0.5695684523809523 0.755787037037037 0.03298611111111111 0.04265873015873016
0 0.6571180555555555 0.7576058201058201 0.03993055555555555 0.032407407407407406
0 0.6458333333333333 0.8295304232804233 0.029265873015873016 0.034722222222222224
0 0.6767113095238095 0.8516865079365079 0.034474206349206345 0.04265873015873016
0 0.6634424603174602 0.8766534391534391 0.03521825396825397 0.031084656084656083
0 0.7079613095238095 0.8536706349206349 0.03844246031746031 0.03736772486772487
0 0.7369791666666666 0.8792989417989417 0.03794642857142857 0.02447089947089947
0 0.7599206349206349 0.9017857142857142 0.04067460317460317 0.025793650793650792
0 0.802579365079365 0.914021164021164 0.03720238095238095 0.02976190476190476
0 0.8157242063492063 0.9583333333333333 0.030753968253968252 0.036375661375661374
0 0.8869047619047619 0.876984126984127 0.04117063492063492 0.03439153439153439
0 0.9089781746031745 0.7908399470899471 0.02827380952380952 0.034060846560846555
0 0.7095734126984127 0.816468253968254 0.040178571428571425 0.031746031746031744
0 0.7507440476190476 0.7865410052910052 0.0367063492063492 0.04464285714285714
0 0.6940724206349206 0.767691798941799 0.030009920634920632 0.02943121693121693
0 0.6806795634920635 0.7311507936507936 0.031994047619047616 0.031084656084656083
0 0.7318948412698413 0.7283399470899471 0.05109126984126984 0.034060846560846555
0 0.810515873015873 0.7119708994708994 0.05555555555555555 0.027777777777777776
0 0.8237847222222222 0.6832010582010581 0.05381944444444444 0.027777777777777776
0 0.7454117063492063 0.49718915343915343 0.07316468253968253 0.045304232804232805
0 0.7703373015873015 0.46759259259259256 0.0744047619047619 0.04034391534391534
0 0.35106646825396826 0.17443783068783067 0.05530753968253968 0.04067460317460317
0 0.8892609126984127 0.06481481481481481 0.025049603174603172 0.05026455026455026
0 0.6946924603174602 0.043816137566137565 0.023313492063492064 0.04398148148148148
0 0.6643105158730158 0.07093253968253968 0.017113095238095236 0.03538359788359788
0 0.40104166666666663 0.19675925925925924 0.021825396825396824 0.06613756613756613
0 0.3699156746031746 0.1615410052910053 0.044394841269841265 0.040013227513227514
0 0.6626984126984127 0.021660052910052907 0.03273809523809523 0.03869047619047619
0 0.5674603174603174 0.025793650793650792 0.025793650793650792 0.03439153439153439
