0 0.3499503968253968 0.7333002645502645 0.026289682539682536 0.04067460317460317
0 0.42162698412698413 0.6830357142857143 0.03521825396825397 0.028769841269841268
0 0.486359126984127 0.6671626984126984 0.03422619047619047 0.02546296296296296
0 0.5452628968253967 0.6557539682539683 0.0339781746031746 0.03042328042328042
0 0.5725446428571428 0.6633597883597884 0.03249007936507936 0.025793650793650792
0 0.6004464285714285 0.7526455026455026 0.018849206349206348 0.0496031746031746
0 0.519469246031746 0.8531746031746031 0.020089285714285712 0.03306878306878307
0 0.4260912698412698 0.5081018518518519 0.03968253968253968 0.021494708994708994
0 0.49032738095238093 0.4925595238095238 0.03373015873015873 0.028769841269841268
0 0.5492311507936508 0.5102513227513227 0.035962301587301584 0.04034391534391534
0 0.6016865079365079 0.4923941798941799 0.034722222222222224 0.032407407407407406
0 0.6123511904761905 0.5667989417989417 0.03125 0.02447089947089947
0 0.6665426587301587 0.5256283068783069 0.0339781746031746 0.03141534391534391
0 0.8019593253968254 0.3673941798941799 0.02802579365079365 0.052248677248677246
0 0.5493551587301587 0.4125330687830688 0.027777777777777776 0.022817460317460316
0 0.7416914682539683 0.7161044973544973 0.03794642857142857 0.03736772486772487
0 0.7296626984126984 0.6473214285714285 0.04117063492063492 0.026785714285714284
0 0.7057291666666666 0.601521164021164 0.031001984126984124 0.03835978835978836
0 0.6829117063492063 0.5942460317460317 0.024553571428571428 0.042328042328042326
0 0.7132936507936507 0.5378637566137566 0.022817460317460316 0.034722222222222224
0 0.6643105158730158 0.5593584656084656 0.03050595238095238 0.03736772486772487
0 0.7610367063492063 0.5553902116402116 0.015625 0.04398148148148148
0 0.9360119047619047 0.7994378306878307 0.04414682539682539 0.04794973544973545
0 0.9213789682539683 0.5567129629629629 0.024305555555555552 0.05522486772486772
0 0.9521329365079364 0.5267857142857143 0.03571428571428571 0.04497354497354497
0 0.9363839285714285 0.5044642857142857 0.01909722222222222 0.04133597883597884
0 0.9143105158730158 0.4915674603174603 0.04092261904761905 0.021494708994708994
0 0.9269593253968254 0.46841931216931215 0.031001984126984124 0.03869047619047619
0 0.5489831349206349 0.30026455026455023 0.04290674603174603 0.027777777777777776
0 0.8349454365079365 0.27480158730158727 0.045882936507936505 0.023809523809523808
0 0.9203869047619047 0.2736441798941799 0.05208333333333333 0.053902116402116396
0 0.9050099206349206 0.32407407407407407 0.04117063492063492 0.04365079365079365
