0 0.011532738095238094 0.7992724867724867 0.02306547619047619 0.03835978835978836
0 0.03856646825396825 0.7905092592592592 0.05629960317460317 0.038029100529100524
0 0.240203373015873 0.7911706349206349 0.044394841269841265 0.02943121693121693
0 0.31101190476190477 0.9661044973544973 0.051587301587301584 0.05588624338624339
0 0.48338293650793646 0.7524801587301587 0.024305555555555552 0.04927248677248677
0 0.49181547619047616 0.7804232804232804 0.029265873015873016 0.042328042328042326
0 0.5197172619047619 0.7716600529100529 0.026041666666666664 0.03869047619047619
0 0.5334821428571428 0.7447089947089947 0.041666666666666664 0.0205026455026455
0 0.5230654761904762 0.7285052910052909 0.039186507936507936 0.026455026455026454
0 0.5152529761904762 0.7071759259259259 0.04241071428571428 0.026785714285714284
0 0.550719246031746 0.6792328042328042 0.02554563492063492 0.041005291005291
0 0.25930059523809523 0.6137566137566137 0.03149801587301587 0.03505291005291005
0 0.28534226190476186 0.5958994708994708 0.03149801587301587 0.023809523809523808
0 0.3173363095238095 0.5963955026455026 0.03546626984126984 0.02414021164021164
0 0.28534226190476186 0.5710978835978836 0.03249007936507936 0.031084656084656083
0 0.2419394841269841 0.554563492063492 0.017609126984126984 0.04365079365079365
0 0.23090277777777776 0.5709325396825397 0.04662698412698413 0.017526455026455025
0 0.1888640873015873 0.5357142857142857 0.03249007936507936 0.05291005291005291
0 0.3363095238095238 0.5593584656084656 0.03373015873015873 0.02546296296296296
0 0.3658234126984127 0.5591931216931216 0.026785714285714284 0.03902116402116402
0 0.3845486111111111 0.5654761904761905 0.017113095238095236 0.041005291005291
0 0.4030257936507936 0.5849867724867724 0.020833333333333332 0.04828042328042328
0 0.4619295634920635 0.5658068783068783 0.047371031746031744 0.031084656084656083
0 0.4205109126984127 0.5459656084656085 0.030009920634920632 0.031084656084656083
0 0.39198908730158727 0.5353835978835979 0.035962301587301584 0.03306878306878307
0 0.40860615079365076 0.5658068783068783 0.026041666666666664 0.04563492063492063
0 0.34672619047619047 0.5286044973544973 0.048611111111111105 0.02943121693121693
0 0.566220238095238 0.6162367724867724 0.03720238095238095 0.03141534391534391
0 0.5747767857142857 0.6374007936507936 0.026537698412698412 0.053902116402116396
0 0.5704365079365079 0.6820436507936507 0.022817460317460316 0.05324074074074074
0 0.7141617063492063 0.6875 0.044394841269841265 0.02447089947089947
0 0.6891121031746031 0.7154431216931216 0.04786706349206349 0.03141534391534391
0 0.9229910714285714 0.5243055555555556 0.03794642857142857 0.034722222222222224
0 0.8196924603174602 0.4874338624338624 0.047619047619047616 0.036375661375661374
0 0.7842261904761905 0.49007936507936506 0.047619047619047616 0.04365079365079365
0 0.7588045634920635 0.4442791005291005 0.05679563492063492 0.034060846560846555
0 0.8136160714285714 0.4118716931216931 0.05828373015873015 0.03141534391534391
0 0.8453621031746031 0.3473875661375661 0.03943452380952381 0.0625
0 0.7782738095238095 0.3883928571428571 0.057539682539682536 0.040013227513227514
0 0.8411458333333333 0.20750661375661375 0.047371031746031744 0.04265873015873016
0 0.5631200396825397 0.27910052910052907 0.05183531746031746 0.04431216931216931
0 0.1661706349206349 0.21693121693121692 0.06349206349206349 0.057539682539682536
0 0.04290674603174603 0.382771164021164 0.06200396825396825 0.06382275132275132
0 0.9469246031746031 0.3688822751322751 0.0734126984126984 0.03538359788359788
