0 0.049479166666666664 0.8212632275132274 0.037450396825396824 0.03869047619047619
0 0.10367063492063491 0.7777777777777777 0.03571428571428571 0.023809523809523808
0 0.12053571428571427 0.7981150793650793 0.04265873015873016 0.038029100529100524
0 0.15811011904761904 0.8014219576719577 0.026041666666666664 0.04596560846560846
0 0.13355654761904762 0.7600859788359788 0.02802579365079365 0.050595238095238096
0 0.1505456349206349 0.6929563492063492 0.030753968253968252 0.043320105820105814
0 0.12785218253968253 0.7000661375661376 0.02802579365079365 0.041666666666666664
0 0.1722470238095238 0.710813492063492 0.02405753968253968 0.04794973544973545
0 0.22371031746031744 0.6742724867724867 0.031746031746031744 0.037698412698412696
0 0.22395833333333331 0.6241732804232804 0.019345238095238096 0.03009259259259259
0 0.3376736111111111 0.5856481481481481 0.03149801587301587 0.03571428571428571
0 0.3039434523809524 0.6089616402116402 0.02405753968253968 0.034060846560846555
0 0.3689236111111111 0.642691798941799 0.02901785714285714 0.03736772486772487
0 0.3317212301587301 0.7247023809523809 0.01413690476190476 0.034060846560846555
0 0.29985119047619047 0.7425595238095237 0.028769841269841268 0.022817460317460316
0 0.4037698412698412 0.7081679894179894 0.020337301587301584 0.04993386243386243
0 0.4108382936507936 0.6729497354497355 0.03645833333333333 0.0205026455026455
0 0.2509920634920635 0.6830357142857143 0.024305555555555552 0.04265873015873016
0 0.36941964285714285 0.8334986772486772 0.011656746031746032 0.030753968253968252
0 0.8683035714285714 0.5889550264550264 0.028769841269841268 0.032407407407407406
0 0.5337301587301587 0.6117724867724867 0.025297619047619048 0.02447089947089947
0 0.1558779761904762 0.43039021164021163 0.022569444444444444 0.034060846560846555
0 0.23735119047619047 0.7141203703703703 0.017361111111111112 0.026785714285714284
