0 0.029885912698412696 0.5659722222222222 0.055803571428571425 0.04398148148148148
0 0.06312003968253968 0.7139550264550264 0.06721230158730158 0.05092592592592592
0 0.27132936507936506 0.9160052910052909 0.06597222222222222 0.08134920634920634
0 0.33308531746031744 0.9208002645502645 0.03571428571428571 0.07572751322751323
0 0.35292658730158727 0.8845899470899471 0.03521825396825397 0.0667989417989418
0 0.4358878968253968 0.8634259259259259 0.029513888888888888 0.0496031746031746
0 0.4505208333333333 0.941137566137566 0.03298611111111111 0.06944444444444445
0 0.3743799603174603 0.9733796296296295 0.02306547619047619 0.05257936507936507
0 0.5074404761904762 0.8819444444444444 0.04216269841269841 0.031084656084656083
0 0.5343501984126984 0.9045965608465608 0.031001984126984124 0.04596560846560846
0 0.5561755952380952 0.8711970899470899 0.033482142857142856 0.04265873015873016
0 0.6006944444444444 0.9252645502645502 0.029265873015873016 0.06944444444444445
0 0.5301339285714285 0.8432539682539683 0.027033730158730156 0.04894179894179894
0 0.5442708333333333 0.8139880952380952 0.03149801587301587 0.05522486772486772
0 0.5131448412698413 0.7804232804232804 0.03422619047619047 0.05026455026455026
0 0.644345238095238 0.8870701058201058 0.04117063492063492 0.03009259259259259
0 0.6711309523809523 0.7678571428571428 0.03819444444444444 0.052248677248677246
0 0.7647569444444444 0.7015542328042328 0.034970238095238096 0.04265873015873016
0 0.7888144841269841 0.7129629629629629 0.033482142857142856 0.032407407407407406
0 0.8489583333333333 0.816468253968254 0.03521825396825397 0.03373015873015873
0 0.6649305555555555 0.6572420634920635 0.0248015873015873 0.04067460317460317
0 0.7297867063492063 0.6121031746031745 0.021081349206349204 0.03968253968253968
0 0.7247023809523809 0.5952380952380952 0.031746031746031744 0.047619047619047616
0 0.7495039682539683 0.5153769841269841 0.03869047619047619 0.0367063492063492
0 0.6567460317460317 0.5927579365079365 0.03720238095238095 0.040013227513227514
0 0.7960069444444444 0.517361111111111 0.01810515873015873 0.030753968253968252
0 0.8315972222222222 0.517361111111111 0.04613095238095238 0.022817460317460316
0 0.5939980158730158 0.6415343915343915 0.03273809523809523 0.03505291005291005
0 0.7445436507936507 0.3733465608465608 0.015376984126984126 0.04894179894179894
0 0.3994295634920635 0.3675595238095238 0.017609126984126984 0.04927248677248677
