0 0.5045882936507936 0.48048941798941797 0.04092261904761905 0.042328042328042326
0 0.5947420634920635 0.6135912698412698 0.033234126984126984 0.04265873015873016
0 0.6340525793650793 0.6479828042328042 0.019593253968253968 0.03869047619047619
0 0.37462797619047616 0.878637566137566 0.02901785714285714 0.03439153439153439
0 0.057291666666666664 0.4776785714285714 0.060019841269841265 0.04265873015873016
0 0.6429811507936508 0.5449735449735449 0.04092261904761905 0.031084656084656083
0 0.6887400793650793 0.5725859788359788 0.028769841269841268 0.039351851851851846
0 0.7242063492063492 0.7996031746031745 0.04067460317460317 0.046957671957671955
0 0.621031746031746 0.8498677248677248 0.03521825396825397 0.05489417989417989
0 0.8177083333333333 0.8467261904761905 0.025297619047619048 0.04199735449735449
0 0.8798363095238094 0.7923280423280423 0.018601190476190476 0.047619047619047616
0 0.9525049603174602 0.5029761904761905 0.03993055555555555 0.03902116402116402
0 0.9563492063492063 0.5426587301587301 0.03521825396825397 0.016534391534391533
0 0.9786706349206349 0.7237103174603174 0.04216269841269841 0.022156084656084655
0 0.4931795634920635 0.21726190476190474 0.03149801587301587 0.06746031746031746
0 0.7664930555555555 0.2470238095238095 0.044890873015873016 0.04828042328042328
