0 0.36173115079365076 0.515707671957672 0.027033730158730156 0.04133597883597884
0 0.3308531746031746 0.591765873015873 0.024305555555555552 0.018849206349206348
0 0.42596726190476186 0.4844576719576719 0.021081349206349204 0.03505291005291005
0 0.43191964285714285 0.5806878306878307 0.031001984126984124 0.01984126984126984
0 0.4929315476190476 0.5186838624338624 0.02058531746031746 0.038029100529100524
0 0.4595734126984127 0.5477843915343915 0.02232142857142857 0.026785714285714284
0 0.4069940476190476 0.5567129629629629 0.01488095238095238 0.039351851851851846
0 0.3836805555555555 0.4950396825396825 0.026289682539682536 0.027777777777777776
0 0.47098214285714285 0.5952380952380952 0.025297619047619048 0.028439153439153438
0 0.4820188492063492 0.5611772486772486 0.030009920634920632 0.013888888888888888
0 0.5161210317460317 0.6400462962962963 0.025793650793650792 0.018849206349206348
0 0.5260416666666666 0.6534391534391534 0.025793650793650792 0.0205026455026455
0 0.5158730158730158 0.6975859788359788 0.01488095238095238 0.03869047619047619
0 0.5048363095238095 0.6785714285714285 0.013640873015873016 0.04894179894179894
0 0.4950396825396825 0.7164351851851851 0.0248015873015873 0.02414021164021164
0 0.5339781746031745 0.7218915343915343 0.024305555555555552 0.03373015873015873
0 0.5280257936507936 0.7018849206349206 0.014384920634920634 0.04199735449735449
0 0.5453869047619048 0.683531746031746 0.020337301587301584 0.031084656084656083
0 0.5792410714285714 0.685515873015873 0.03298611111111111 0.022486772486772486
0 0.5474950396825397 0.736111111111111 0.028521825396825396 0.027777777777777776
0 0.5442708333333333 0.7612433862433862 0.03050595238095238 0.037698412698412696
0 0.5690724206349206 0.7764550264550264 0.029513888888888888 0.037698412698412696
0 0.511532738095238 0.5920965608465608 0.016617063492063492 0.036044973544973546
0 0.6195436507936508 0.8664021164021164 0.030753968253968252 0.03835978835978836
0 0.5966021825396826 0.8215939153439153 0.03249007936507936 0.020833333333333332
0 0.6226438492063492 0.6597222222222222 0.031994047619047616 0.017857142857142856
0 0.5827132936507936 0.5634920634920635 0.016617063492063492 0.0205026455026455
0 0.6021825396825397 0.5462962962962963 0.023313492063492064 0.021164021164021163
0 0.580109126984127 0.5405092592592592 0.023313492063492064 0.018187830687830687
0 0.605406746031746 0.5932539682539683 0.011904761904761904 0.02976190476190476
0 0.6099950396825397 0.6413690476190476 0.028521825396825396 0.02943121693121693
0 0.6329365079365079 0.6708002645502645 0.04563492063492063 0.010912698412698412
0 0.6144593253968254 0.7033730158730158 0.031994047619047616 0.021164021164021163
0 0.6510416666666666 0.7357804232804233 0.025793650793650792 0.03373015873015873
0 0.7199900793650793 0.6992394179894179 0.02827380952380952 0.02414021164021164
0 0.8792162698412698 0.3812830687830688 0.034722222222222224 0.01917989417989418
