0 0.339781746031746 0.7542989417989417 0.019345238095238096 0.01917989417989418
0 0.6000744047619048 0.6577380952380952 0.02554563492063492 0.01917989417989418
0 0.5755208333333333 0.6646825396825397 0.01810515873015873 0.01917989417989418
0 0.5575396825396826 0.6559193121693121 0.02132936507936508 0.012896825396825396
0 0.5245535714285714 0.6311177248677249 0.01984126984126984 0.018849206349206348
0 0.5303819444444444 0.6238425925925926 0.019593253968253968 0.017526455026455025
0 0.7718253968253967 0.724537037037037 0.034722222222222224 0.017857142857142856
0 0.7416914682539683 0.7177579365079365 0.023561507936507936 0.02546296296296296
0 0.7426835317460317 0.746031746031746 0.027529761904761904 0.018518518518518517
0 0.7601686507936507 0.7385912698412698 0.020337301587301584 0.022156084656084655
0 0.7388392857142857 0.7313161375661376 0.024305555555555552 0.017526455026455025
0 0.6986607142857143 0.7075066137566137 0.02976190476190476 0.02017195767195767
0 0.7265625 0.7038690476190476 0.009672619047619048 0.030753968253968252
0 0.7063492063492063 0.8373015873015872 0.023809523809523808 0.025793650793650792
0 0.6245039682539683 0.6083002645502645 0.0183531746031746 0.02017195767195767
0 0.6799355158730158 0.5877976190476191 0.019593253968253968 0.015542328042328041
0 0.703000992063492 0.5925925925925926 0.016121031746031744 0.016534391534391533
0 0.6949404761904762 0.5950727513227513 0.011904761904761904 0.012896825396825396
0 0.8582589285714285 0.798776455026455 0.027033730158730156 0.010912698412698412
0 0.7631448412698413 0.35912698412698413 0.020833333333333332 0.018518518518518517
0 0.5384424603174602 0.5033068783068783 0.015376984126984126 0.00992063492063492
0 0.5415426587301587 0.5248015873015873 0.017113095238095236 0.009259259259259259
0 0.5143849206349206 0.5140542328042328 0.0183531746031746 0.016865079365079364
0 0.4933035714285714 0.5345568783068783 0.016865079365079364 0.018849206349206348
0 0.5412946428571428 0.5178571428571428 0.016121031746031744 0.01455026455026455
0 0.5554315476190476 0.546792328042328 0.016617063492063492 0.018187830687830687
0 0.5814732142857143 0.5540674603174602 0.013640873015873016 0.02017195767195767
