0 0.894345238095238 0.41451719576719576 0.07936507936507936 0.06117724867724868
0 0.8705357142857142 0.4637896825396825 0.07490079365079365 0.05125661375661375
0 0.7788938492063492 0.5882936507936508 0.054811507936507936 0.04365079365079365
0 0.7455357142857142 0.4743716931216931 0.041666666666666664 0.040013227513227514
0 0.7677331349206349 0.4841269841269841 0.0404265873015873 0.03505291005291005
0 0.792782738095238 0.4884259259259259 0.035962301587301584 0.04365079365079365
0 0.745907738095238 0.5271164021164021 0.029513888888888888 0.0667989417989418
0 0.7653769841269841 0.550760582010582 0.020337301587301584 0.06712962962962962
0 0.7841021825396824 0.6550925925925926 0.0404265873015873 0.06018518518518518
0 0.7755456349206349 0.6793981481481481 0.05505952380952381 0.05522486772486772
0 0.7248263888888888 0.6058201058201058 0.035962301587301584 0.06944444444444445
0 0.6061507936507936 0.78125 0.033234126984126984 0.06051587301587301
0 0.5607638888888888 0.8306878306878307 0.0367063492063492 0.06349206349206349
0 0.6343005952380952 0.8718584656084656 0.01909722222222222 0.028769841269841268
0 0.6225198412698413 0.9145171957671957 0.013888888888888888 0.034060846560846555
0 0.5395585317460317 0.9267526455026455 0.012648809523809524 0.05324074074074074
0 0.5499751984126984 0.9143518518518517 0.012648809523809524 0.05092592592592592
0 0.7223462301587301 0.8004298941798942 0.034970238095238096 0.04596560846560846
0 0.6651785714285714 0.8774801587301587 0.03422619047619047 0.043320105820105814
0 0.7718253968253967 0.8146494708994708 0.01488095238095238 0.053902116402116396
0 0.7925347222222222 0.7719907407407407 0.015625 0.0367063492063492
0 0.7885664682539683 0.8189484126984127 0.015625 0.050595238095238096
0 0.720734126984127 0.42658730158730157 0.020833333333333332 0.06746031746031746
0 0.5282738095238095 0.3950066137566137 0.021825396825396824 0.039351851851851846
0 0.5375744047619048 0.30373677248677244 0.017113095238095236 0.02017195767195767
0 0.5617559523809523 0.2761243386243386 0.0183531746031746 0.03505291005291005
0 0.5225694444444444 0.4454365079365079 0.013888888888888888 0.04034391534391534
0 0.519469246031746 0.4758597883597883 0.03149801587301587 0.016534391534391533
0 0.4334077380952381 0.6846891534391534 0.02058531746031746 0.028769841269841268
0 0.7017609126984127 0.14103835978835977 0.034970238095238096 0.053902116402116396
0 0.6800595238095237 0.19675925925925924 0.02132936507936508 0.04563492063492063
0 0.6615823412698413 0.21610449735449735 0.022073412698412696 0.05588624338624339
