0 0.3519345238095238 0.591765873015873 0.025793650793650792 0.039351851851851846
0 0.3723958333333333 0.5419973544973544 0.01810515873015873 0.04828042328042328
0 0.4066220238095238 0.5276124338624338 0.0339781746031746 0.039351851851851846
0 0.49813988095238093 0.6944444444444444 0.022569444444444444 0.06812169312169311
0 0.5133928571428571 0.5735780423280423 0.03373015873015873 0.04133597883597884
0 0.566344246031746 0.6117724867724867 0.05282738095238095 0.05886243386243386
0 0.6290922619047619 0.6459986772486772 0.05034722222222222 0.059193121693121686
0 0.47805059523809523 0.47371031746031744 0.019593253968253968 0.059193121693121686
0 0.4428323412698412 0.4360119047619047 0.022569444444444444 0.038029100529100524
0 0.4516369047619047 0.39037698412698413 0.03720238095238095 0.0248015873015873
0 0.464781746031746 0.5418320105820106 0.017857142857142856 0.036044973544973546
0 0.6003224206349206 0.5649801587301587 0.043402777777777776 0.043320105820105814
0 0.6662946428571428 0.6321097883597884 0.054315476190476185 0.027447089947089946
0 0.7072172619047619 0.6117724867724867 0.03149801587301587 0.08068783068783068
0 0.7456597222222222 0.6972552910052909 0.054811507936507936 0.05588624338624339
0 0.6772073412698413 0.5828373015873015 0.03993055555555555 0.06382275132275132
0 0.48164682539682535 0.29282407407407407 0.039186507936507936 0.05191798941798942
0 0.40959821428571425 0.3958333333333333 0.03149801587301587 0.037037037037037035
0 0.4304315476190476 0.7443783068783069 0.035962301587301584 0.0496031746031746
0 0.4957837301587301 0.13855820105820105 0.026289682539682536 0.04894179894179894
