0 0.3890128968253968 0.7795965608465608 0.02058531746031746 0.053902116402116396
0 0.3482142857142857 0.6162367724867724 0.022817460317460316 0.04794973544973545
0 0.3411458333333333 0.5042989417989417 0.031001984126984124 0.05886243386243386
0 0.5368303571428571 0.8098544973544973 0.06721230158730158 0.027777777777777776
0 0.6135912698412698 0.8680555555555555 0.031746031746031744 0.07208994708994709
0 0.6569940476190476 0.9327050264550264 0.03273809523809523 0.07374338624338624
0 0.6272321428571428 0.5615079365079365 0.03521825396825397 0.06547619047619047
0 0.7038690476190476 0.6754298941798942 0.06101190476190476 0.04133597883597884
0 0.5248015873015873 0.5572089947089947 0.037698412698412696 0.05026455026455026
0 0.4427083333333333 0.4821428571428571 0.02976190476190476 0.03306878306878307
0 0.45548115079365076 0.517691798941799 0.013640873015873016 0.04067460317460317
0 0.4325396825396825 0.0851521164021164 0.026785714285714284 0.04993386243386243
