0 0.13343253968253968 0.25496031746031744 0.02132936507936508 0.031084656084656083
0 0.07180059523809523 0.24983465608465608 0.016617063492063492 0.028108465608465607
0 0.15451388888888887 0.4088955026455026 0.016865079365079364 0.0248015873015873
0 0.3128720238095238 0.31646825396825395 0.022569444444444444 0.027116402116402115
0 0.30617559523809523 0.34771825396825395 0.021577380952380952 0.034060846560846555
0 0.32948908730158727 0.35978835978835977 0.02554563492063492 0.03042328042328042
0 0.3583829365079365 0.39732142857142855 0.026289682539682536 0.023478835978835978
0 0.38504464285714285 0.40939153439153436 0.021081349206349204 0.021825396825396824
0 0.40476190476190477 0.41815476190476186 0.02132936507936508 0.034722222222222224
0 0.4367559523809524 0.42873677248677244 0.023809523809523808 0.022817460317460316
0 0.4619295634920635 0.4298941798941799 0.025049603174603172 0.017857142857142856
0 0.4773065476190476 0.4429563492063492 0.026537698412698412 0.026785714285714284
0 0.4723462301587301 0.41468253968253965 0.02901785714285714 0.017195767195767195
0 0.3681795634920635 0.4968584656084656 0.022569444444444444 0.018187830687830687
0 0.4573412698412698 0.5209986772486772 0.024305555555555552 0.022156084656084655
0 0.5024801587301587 0.5940806878306878 0.023809523809523808 0.018849206349206348
0 0.5078125 0.5542328042328042 0.023561507936507936 0.02513227513227513
0 0.4053819444444444 0.49718915343915343 0.011160714285714284 0.027447089947089946
0 0.3954613095238095 0.48776455026455023 0.016121031746031744 0.02447089947089947
0 0.400421626984127 0.5209986772486772 0.026041666666666664 0.01951058201058201
0 0.47780257936507936 0.5537367724867724 0.019593253968253968 0.020833333333333332
0 0.5150049603174602 0.5084325396825397 0.022073412698412696 0.018849206349206348
0 0.5509672619047619 0.5692791005291005 0.017113095238095236 0.03538359788359788
0 0.5498511904761905 0.6020171957671957 0.0248015873015873 0.026124338624338623
0 0.5658482142857143 0.6238425925925926 0.016121031746031744 0.034722222222222224
0 0.45634920634920634 0.6645171957671957 0.016865079365079364 0.03009259259259259
0 0.775173611111111 0.7166005291005291 0.018601190476190476 0.04034391534391534
0 0.7398313492063492 0.8520171957671957 0.03224206349206349 0.0248015873015873
0 0.8141121031746031 0.6459986772486772 0.03844246031746031 0.034060846560846555
0 0.6995287698412698 0.6238425925925926 0.031994047619047616 0.02414021164021164
0 0.7168898809523809 0.6018518518518519 0.020089285714285712 0.03835978835978836
0 0.7353670634920635 0.5985449735449735 0.03125 0.03042328042328042
0 0.7435515873015872 0.5902777777777778 0.027281746031746032 0.027777777777777776
0 0.759672619047619 0.5968915343915343 0.028769841269841268 0.031746031746031744
0 0.7258184523809523 0.5710978835978836 0.02306547619047619 0.011904761904761904
0 0.7140376984126984 0.36259920634920634 0.03273809523809523 0.03869047619047619
