0 0.5517113095238095 0.37136243386243384 0.030009920634920632 0.03571428571428571
0 0.38430059523809523 0.39186507936507936 0.02306547619047619 0.04894179894179894
0 0.3630952380952381 0.38657407407407407 0.026289682539682536 0.036375661375661374
0 0.4339037698412698 0.3966600529100529 0.03050595238095238 0.03538359788359788
0 0.4515128968253968 0.5418320105820106 0.016121031746031744 0.04596560846560846
0 0.4645337301587301 0.5615079365079365 0.011408730158730158 0.03968253968253968
0 0.47271825396825395 0.5699404761904762 0.011904761904761904 0.039351851851851846
0 0.46862599206349204 0.5115740740740741 0.017609126984126984 0.032407407407407406
0 0.4637896825396825 0.5324074074074073 0.01488095238095238 0.027116402116402115
0 0.558531746031746 0.5405092592592592 0.020337301587301584 0.040013227513227514
0 0.5262896825396826 0.5777116402116402 0.020833333333333332 0.028439153439153438
0 0.5171130952380952 0.548611111111111 0.023313492063492064 0.03306878306878307
0 0.34970238095238093 0.3273809523809524 0.030753968253968252 0.05026455026455026
0 0.3039434523809524 0.3326719576719577 0.01909722222222222 0.04828042328042328
0 0.10230654761904762 0.37896825396825395 0.033482142857142856 0.03306878306878307
0 0.41133432539682535 0.726521164021164 0.03149801587301587 0.027116402116402115
0 0.753968253968254 0.8566468253968254 0.028769841269841268 0.038029100529100524
0 0.6114831349206349 0.5950727513227513 0.04092261904761905 0.03009259259259259
0 0.5969742063492063 0.5500992063492063 0.027777777777777776 0.043320105820105814
0 0.7770337301587301 0.5677910052910052 0.022817460317460316 0.0496031746031746
0 0.784970238095238 0.5532407407407407 0.02827380952380952 0.031746031746031744
0 0.8420138888888888 0.6106150793650793 0.026289682539682536 0.022156084656084655
0 0.845734126984127 0.29894179894179895 0.04613095238095238 0.03306878306878307
0 0.12177579365079365 0.2513227513227513 0.03571428571428571 0.021825396825396824
