0 0.41803075396825395 0.566468253968254 0.027529761904761904 0.025793650793650792
0 0.42175099206349204 0.5861441798941799 0.031001984126984124 0.018187830687830687
0 0.41976686507936506 0.6025132275132274 0.031994047619047616 0.015873015873015872
0 0.5438988095238095 0.5672949735449735 0.025793650793650792 0.02017195767195767
0 0.47011408730158727 0.6488095238095237 0.017609126984126984 0.037037037037037035
0 0.4583333333333333 0.5851521164021164 0.020337301587301584 0.026124338624338623
0 0.521329365079365 0.6324404761904762 0.01240079365079365 0.0367063492063492
0 0.5302579365079365 0.6610449735449735 0.011904761904761904 0.037037037037037035
0 0.5437748015873015 0.6539351851851851 0.019593253968253968 0.018849206349206348
0 0.5520833333333333 0.6278108465608465 0.015376984126984126 0.04067460317460317
0 0.5745287698412698 0.5925925925925926 0.02802579365079365 0.018518518518518517
0 0.5735367063492063 0.6097883597883598 0.028521825396825396 0.017857142857142856
0 0.5789930555555555 0.6258267195767195 0.02802579365079365 0.02017195767195767
0 0.5775049603174602 0.6846891534391534 0.02554563492063492 0.030753968253968252
0 0.5679563492063492 0.6881613756613756 0.020833333333333332 0.023148148148148147
0 0.5716765873015873 0.7190806878306878 0.0183531746031746 0.03538359788359788
0 0.583953373015873 0.7164351851851851 0.027529761904761904 0.03273809523809523
0 0.5923859126984127 0.7377645502645502 0.028521825396825396 0.021164021164021163
0 0.6091269841269841 0.7091600529100529 0.02132936507936508 0.034060846560846555
0 0.6298363095238095 0.736276455026455 0.02901785714285714 0.022156084656084655
0 0.6070188492063492 0.6830357142857143 0.026041666666666664 0.034722222222222224
0 0.5956101190476191 0.6402116402116402 0.007192460317460317 0.031746031746031744
0 0.6665426587301587 0.7533068783068783 0.030009920634920632 0.03505291005291005
0 0.6727430555555555 0.7336309523809523 0.016121031746031744 0.034060846560846555
0 0.689360119047619 0.734292328042328 0.02405753968253968 0.036044973544973546
0 0.7114335317460317 0.6846891534391534 0.013640873015873016 0.04067460317460317
0 0.7238343253968254 0.802744708994709 0.02802579365079365 0.030753968253968252
0 0.6433531746031745 0.8244047619047619 0.029265873015873016 0.037037037037037035
0 0.7526041666666666 0.919808201058201 0.026537698412698412 0.021494708994708994
0 0.7384672619047619 0.957010582010582 0.020089285714285712 0.04365079365079365
0 0.8059275793650793 0.6922949735449735 0.033482142857142856 0.027447089947089946
0 0.8740079365079365 0.7197420634920635 0.026289682539682536 0.03869047619047619
0 0.8551587301587301 0.7372685185185185 0.019345238095238096 0.05125661375661375
