0 0.525173611111111 0.6044973544973544 0.026537698412698412 0.046296296296296294
0 0.455109126984127 0.6694775132275131 0.03273809523809523 0.04199735449735449
0 0.14955357142857142 0.5573743386243386 0.03521825396825397 0.04265873015873016
0 0.41021825396825395 0.6365740740740741 0.04117063492063492 0.021825396825396824
0 0.541046626984127 0.6459986772486772 0.02554563492063492 0.04662698412698413
0 0.5553075396825397 0.6843584656084656 0.031746031746031744 0.04199735449735449
0 0.5405505952380952 0.7116402116402116 0.028521825396825396 0.023148148148148147
0 0.5696924603174602 0.7263558201058201 0.033234126984126984 0.022156084656084655
0 0.589781746031746 0.7164351851851851 0.025297619047619048 0.034722222222222224
0 0.6030505952380952 0.6860119047619048 0.031994047619047616 0.03869047619047619
0 0.5873015873015872 0.7594246031746031 0.022817460317460316 0.04398148148148148
0 0.6015625 0.7438822751322751 0.03050595238095238 0.023478835978835978
0 0.5569196428571428 0.7430555555555555 0.03249007936507936 0.03042328042328042
0 0.6166914682539683 0.8194444444444444 0.026537698412698412 0.046296296296296294
0 0.6321924603174602 0.7911706349206349 0.016369047619047616 0.04662698412698413
0 0.6455853174603174 0.818287037037037 0.0183531746031746 0.048611111111111105
0 0.6569940476190476 0.7921626984126984 0.033234126984126984 0.053902116402116396
0 0.6078869047619048 0.7734788359788359 0.02232142857142857 0.042328042328042326
0 0.6201636904761905 0.7691798941798942 0.01413690476190476 0.046296296296296294
0 0.6285962301587301 0.7397486772486772 0.026041666666666664 0.05555555555555555
0 0.6511656746031745 0.7491732804232804 0.035962301587301584 0.054563492063492064
0 0.661954365079365 0.7232142857142857 0.03373015873015873 0.041666666666666664
0 0.7151537698412698 0.8062169312169312 0.044890873015873016 0.03505291005291005
0 0.708953373015873 0.8325066137566137 0.017113095238095236 0.038029100529100524
0 0.9503968253968254 0.7595899470899471 0.053075396825396824 0.05026455026455026
0 0.5868055555555555 0.5722552910052909 0.0248015873015873 0.04265873015873016
