0 0.5823412698412698 0.3483796296296296 0.023809523809523808 0.050595238095238096
0 0.5172371031746031 0.14467592592592593 0.030009920634920632 0.028108465608465607
0 0.5956101190476191 0.2457010582010582 0.030009920634920632 0.05092592592592592
0 0.6108630952380952 0.2663690476190476 0.024305555555555552 0.04728835978835978
0 0.5942460317460317 0.5830026455026455 0.03521825396825397 0.027777777777777776
0 0.6360367063492063 0.6322751322751322 0.02058531746031746 0.05092592592592592
0 0.6246279761904762 0.6746031746031745 0.03298611111111111 0.02976190476190476
0 0.550843253968254 0.757771164021164 0.0248015873015873 0.026785714285714284
0 0.5482390873015873 0.7319775132275131 0.015625 0.03538359788359788
0 0.5318700396825397 0.7531415343915343 0.02802579365079365 0.017526455026455025
0 0.5946180555555555 0.7238756613756613 0.02405753968253968 0.037698412698412696
0 0.5344742063492063 0.7157738095238095 0.023313492063492064 0.023478835978835978
0 0.5520833333333333 0.6180555555555555 0.0248015873015873 0.031084656084656083
0 0.5493551587301587 0.6025132275132274 0.01488095238095238 0.032407407407407406
0 0.679563492063492 0.9677579365079364 0.016865079365079364 0.04265873015873016
0 0.6563740079365079 0.9884259259259258 0.024553571428571428 0.022486772486772486
