0 0.4118303571428571 0.306547619047619 0.016617063492063492 0.036375661375661374
0 0.39732142857142855 0.32853835978835977 0.014384920634920634 0.04067460317460317
0 0.5028521825396826 0.4009589947089947 0.030009920634920632 0.022817460317460316
0 0.574280753968254 0.5001653439153438 0.017113095238095236 0.030753968253968252
0 0.5130208333333333 0.539021164021164 0.019593253968253968 0.031746031746031744
0 0.533234126984127 0.5396825396825397 0.021825396825396824 0.01917989417989418
0 0.5296378968253967 0.5821759259259259 0.026041666666666664 0.02546296296296296
0 0.5096726190476191 0.5924272486772486 0.023313492063492064 0.026785714285714284
0 0.5560515873015873 0.5744047619047619 0.022817460317460316 0.03306878306878307
0 0.5970982142857143 0.5266203703703703 0.026537698412698412 0.026124338624338623
0 0.5596478174603174 0.5396825396825397 0.017609126984126984 0.032407407407407406
0 0.558531746031746 0.5992063492063492 0.017361111111111112 0.03571428571428571
0 0.5873015873015872 0.611276455026455 0.028769841269841268 0.01951058201058201
0 0.5499751984126984 0.6398809523809523 0.02306547619047619 0.03306878306878307
0 0.5202132936507936 0.6433531746031745 0.01413690476190476 0.034060846560846555
0 0.53125 0.6650132275132274 0.016369047619047616 0.037698412698412696
0 0.6898561507936507 0.675760582010582 0.033482142857142856 0.02414021164021164
0 0.6966765873015872 0.6990740740740741 0.017857142857142856 0.03373015873015873
0 0.6908482142857143 0.7261904761904762 0.02802579365079365 0.03571428571428571
0 0.5590277777777778 0.6997354497354497 0.016865079365079364 0.03505291005291005
0 0.531125992063492 0.6947751322751322 0.026041666666666664 0.0205026455026455
0 0.5775049603174602 0.7172619047619048 0.026041666666666664 0.021825396825396824
0 0.5890376984126984 0.7688492063492063 0.013888888888888888 0.037037037037037035
0 0.5972222222222222 0.7911706349206349 0.0248015873015873 0.0248015873015873
0 0.611359126984127 0.7789351851851851 0.0248015873015873 0.026785714285714284
0 0.6225198412698413 0.767361111111111 0.021825396825396824 0.022817460317460316
0 0.49441964285714285 0.8578042328042328 0.027529761904761904 0.018518518518518517
0 0.37189980158730157 0.13541666666666666 0.013144841269841268 0.043320105820105814
