0 0.14347718253968253 0.5190145502645502 0.02306547619047619 0.04133597883597884
0 0.13715277777777776 0.5512566137566137 0.019345238095238096 0.021164021164021163
0 0.1906001984126984 0.6101190476190476 0.02802579365079365 0.026455026455026454
0 0.20262896825396826 0.599537037037037 0.025297619047619048 0.03373015873015873
0 0.27194940476190477 0.5982142857142857 0.02405753968253968 0.031084656084656083
0 0.232390873015873 0.7094907407407407 0.02232142857142857 0.018849206349206348
0 0.32700892857142855 0.6078042328042328 0.027033730158730156 0.032407407407407406
0 0.3423859126984127 0.6155753968253967 0.021577380952380952 0.04398148148148148
0 0.35131448412698413 0.6541005291005291 0.02306547619047619 0.03306878306878307
0 0.3934771825396825 0.7807539682539683 0.029513888888888888 0.0291005291005291
0 0.40476190476190477 0.5788690476190476 0.019345238095238096 0.022817460317460316
0 0.3913690476190476 0.5593584656084656 0.01984126984126984 0.028108465608465607
0 0.4732142857142857 0.5803571428571428 0.023809523809523808 0.01984126984126984
0 0.4889632936507936 0.5740740740740741 0.029513888888888888 0.0205026455026455
0 0.4906994047619047 0.5573743386243386 0.02058531746031746 0.02943121693121693
0 0.6293402777777778 0.6476521164021164 0.034474206349206345 0.0248015873015873
0 0.6572420634920635 0.7104828042328042 0.0248015873015873 0.018849206349206348
0 0.665798611111111 0.7509920634920635 0.027033730158730156 0.022486772486772486
0 0.6783234126984127 0.7278439153439153 0.020833333333333332 0.031746031746031744
0 0.7000248015873015 0.7605820105820106 0.018601190476190476 0.036375661375661374
0 0.6950644841269841 0.7736441798941799 0.017113095238095236 0.034060846560846555
0 0.6356646825396826 0.5406746031746031 0.02976190476190476 0.021164021164021163
