0 0.37475198412698413 0.4897486772486772 0.037698412698412696 0.028439153439153438
0 0.378844246031746 0.5107473544973544 0.03645833333333333 0.02546296296296296
0 0.4140625 0.5249669312169312 0.028521825396825396 0.040013227513227514
0 0.4402281746031746 0.5262896825396826 0.03273809523809523 0.03869047619047619
0 0.4678819444444444 0.5461309523809523 0.029513888888888888 0.02546296296296296
0 0.4939236111111111 0.5431547619047619 0.026537698412698412 0.028108465608465607
0 0.5099206349206349 0.5348875661375662 0.026289682539682536 0.02546296296296296
0 0.4983878968253968 0.5582010582010581 0.025049603174603172 0.018518518518518517
0 0.5184771825396826 0.5570436507936508 0.017113095238095236 0.02546296296296296
0 0.517361111111111 0.5727513227513227 0.03273809523809523 0.022486772486772486
0 0.5457589285714285 0.5573743386243386 0.031994047619047616 0.026124338624338623
0 0.5874255952380952 0.5539021164021164 0.031994047619047616 0.021825396825396824
0 0.6429811507936508 0.5653108465608465 0.025049603174603172 0.021494708994708994
0 0.6486855158730158 0.42675264550264547 0.03249007936507936 0.02546296296296296
0 0.7428075396825397 0.5659722222222222 0.02976190476190476 0.030753968253968252
0 0.7180059523809523 0.6018518518518519 0.024305555555555552 0.037698412698412696
0 0.7234623015873015 0.5636574074074073 0.013392857142857142 0.03273809523809523
0 0.7134176587301587 0.5577050264550264 0.020089285714285712 0.030753968253968252
0 0.603298611111111 0.33730158730158727 0.021577380952380952 0.03306878306878307
0 0.4012896825396825 0.7982804232804233 0.03224206349206349 0.03306878306878307
0 0.43439980158730157 0.7908399470899471 0.03249007936507936 0.0248015873015873
0 0.4740823412698412 0.8098544973544973 0.026041666666666664 0.042328042328042326
